0,1,1,1,1,1
1,1,1,1,1,1
2,1,1,1,1,1
3,1,1,1,1,1
4,1,1,1,1,1
5,1,0,0,0,1
6,1,1,1,1,1
7,0,1,1,1,1
8,1,1,1,1,1
9,1,1,1,1,1
10,1,0,1,0,1
11,1,0,1,1,1
12,1,0,1,0,1
13,1,1,0,1,1
14,1,1,1,1,1
15,1,1,1,1,1
16,1,1,1,0,1
17,1,1,0,0,1
18,1,1,1,1,1
19,0,0,0,1,0
20,1,1,1,1,1
21,1,1,1,1,1
22,1,1,0,1,1
23,1,1,1,1,1
24,1,1,1,0,1
25,1,0,1,0,1
26,1,0,1,0,1
27,1,0,1,0,0
28,1,0,1,1,0
29,0,0,1,0,0
30,0,0,0,0,0
31,1,0,0,0,0
32,1,0,1,0,0
33,1,0,0,0,0
34,1,1,1,0,0
35,0,0,0,0,1
36,0,0,1,0,0
37,0,1,0,0,1
38,1,1,0,0,0
39,1,0,1,1,1
40,1,0,0,1,1
41,1,1,1,1,1
42,1,1,1,1,1
43,1,0,1,1,1
44,1,1,1,1,1
45,0,0,0,0,0
46,1,0,1,0,1
47,1,0,0,0,1
48,1,1,1,1,1
49,0,0,0,0,0
50,1,1,1,0,0
51,1,0,1,0,0
52,1,0,1,0,1
53,0,0,1,0,0
54,1,1,1,1,1
55,1,0,1,0,1
56,1,0,0,0,1
57,1,0,0,0,0
58,1,1,0,0,0
59,1,1,1,0,1
60,1,1,1,0,1
61,0,0,1,0,0
62,0,0,0,0,0
63,0,0,0,0,0
64,0,0,1,0,1
65,0,1,1,0,1
66,1,0,1,0,1
67,0,0,0,0,0
68,0,0,1,0,0
69,0,0,0,0,0
70,1,0,1,0,0
71,0,0,0,0,0
72,1,0,1,0,0
73,0,0,0,0,1
74,0,0,0,0,1
75,0,0,0,0,0
76,0,0,0,0,0
77,0,0,0,0,1
78,0,0,0,0,0
79,1,0,0,0,0
80,0,0,0,0,0
81,0,0,0,0,0
82,0,0,0,0,0
83,0,0,0,0,0
84,0,0,0,0,0
85,1,1,1,1,1
86,0,0,0,0,0
87,1,1,1,1,1
88,1,1,1,1,1
89,1,1,1,1,1
90,1,1,1,1,1
91,1,1,1,1,1
92,1,0,1,1,1
93,1,0,1,0,1
94,0,0,0,0,0
95,1,0,1,0,0
96,1,0,0,0,0
97,1,0,0,0,0
98,0,0,0,0,0
99,1,0,1,1,1
100,0,0,0,0,0
101,0,0,1,0,0
102,0,0,0,0,0
103,1,0,0,0,0
104,0,0,0,0,0
105,1,1,0,1,1
106,1,1,1,0,1
107,1,1,0,1,1
108,0,0,1,0,1
109,1,1,0,1,1
110,1,1,0,0,1
111,1,1,1,1,1
112,0,0,0,0,0
113,0,0,0,0,0
114,1,1,1,1,1
115,1,1,1,1,1
116,1,1,1,1,1
117,1,1,1,0,1
118,1,0,0,0,0
119,0,0,0,1,0
120,1,0,1,0,1
121,1,1,0,0,1
122,1,1,0,1,1
123,1,0,0,0,1
124,1,1,1,0,1
125,1,1,0,0,0
126,1,1,0,0,1
127,1,1,0,0,1
128,0,1,0,0,0
129,1,1,0,0,0
130,0,1,0,0,0
131,1,1,0,0,0
132,1,1,0,0,0
133,1,1,1,0,0
134,1,1,0,0,1
135,1,1,0,0,1
136,0,0,0,0,0
137,1,1,1,0,1
138,1,0,1,0,1
139,1,1,1,0,1
140,1,1,1,0,0
141,0,0,0,0,0
142,0,0,0,0,0
143,1,1,1,0,1
144,1,0,1,0,1
145,0,0,1,0,0
146,1,0,1,0,0
147,0,0,0,0,0
148,1,0,1,0,1
149,1,1,1,1,1
150,1,0,1,0,1
151,1,1,1,0,1
152,1,0,1,0,1
153,1,0,0,0,1
154,1,0,0,0,1
155,1,0,1,0,1
156,0,0,0,0,1
157,1,0,1,0,1
158,0,0,0,0,1
159,1,0,1,1,1
160,0,0,1,0,1
161,0,0,0,0,0
162,1,1,0,0,1
163,1,1,0,1,1
164,0,0,1,0,1
165,1,1,1,1,1
166,0,0,0,0,0
167,1,1,1,1,1
168,1,1,1,1,1
169,1,0,1,0,1
170,1,0,1,0,0
171,1,1,1,0,1
172,1,0,1,0,0
173,0,0,0,0,0
174,1,0,1,1,1
175,0,0,0,0,1
176,1,0,1,0,1
177,1,0,1,0,0
178,1,0,1,0,1
179,1,0,1,0,1
180,0,0,1,0,1
181,1,1,1,0,1
182,1,1,0,1,1
183,1,0,1,1,1
184,0,1,1,0,1
185,1,1,1,0,1
186,1,0,1,1,1
187,0,0,1,0,0
188,0,0,0,0,0
189,0,0,0,0,0
190,1,1,1,0,0
191,1,0,1,0,0
192,1,0,1,0,0
193,1,0,1,0,1
194,0,0,1,0,0
195,0,0,1,0,0
196,1,0,1,1,1
197,0,0,0,0,0
198,1,1,1,0,1
199,1,0,1,0,1
200,1,0,1,0,0
201,0,0,1,0,0
202,0,0,1,0,0
203,0,0,1,0,0
204,0,0,0,0,0
205,1,1,0,1,1
206,1,1,1,1,1
207,1,1,0,0,1
208,1,0,1,0,1
209,0,0,0,0,1
210,0,0,0,0,1
211,0,0,0,0,1
212,0,0,1,0,1
213,0,0,0,0,1
214,0,0,0,0,1
215,1,1,0,1,1
216,0,0,0,1,0
217,1,1,0,1,1
218,1,1,0,1,1
219,1,1,0,1,0
220,1,1,1,1,0
221,1,1,0,1,1
222,1,1,1,1,1
223,1,1,0,1,1
224,1,1,1,1,1
225,0,0,0,0,0
226,1,1,0,1,1
227,1,1,1,1,1
228,1,0,1,1,1
229,1,0,1,1,0
230,1,0,1,0,1
231,1,1,0,0,0
232,1,1,0,1,1
233,1,1,0,0,0
234,1,0,1,1,0
235,1,0,1,1,0
236,0,0,0,0,0
237,0,0,0,0,1
238,1,1,1,0,1
239,0,0,0,0,1
240,1,0,1,0,1
241,1,0,1,0,1
242,0,0,0,1,0
243,0,0,0,1,0
244,0,0,0,0,0
245,1,0,1,0,1
246,1,1,1,0,1
247,1,1,1,1,1
248,1,1,1,0,1
249,1,1,1,1,1
250,1,0,1,0,1
251,1,1,1,0,1
252,0,1,1,0,1
253,0,0,1,0,1
254,1,0,1,0,0
255,0,0,0,0,0
256,0,0,0,0,0
257,1,0,1,1,1
258,0,0,1,0,0
259,0,0,0,0,0
260,0,0,0,0,0
261,0,0,0,0,0
262,1,1,1,0,1
263,0,0,0,0,0
264,1,0,1,0,1
265,1,0,1,0,1
266,0,0,1,0,0
267,0,0,1,1,0
268,0,0,0,0,0
269,0,0,0,0,0
270,0,0,0,0,0
271,1,1,1,0,1
272,1,0,1,0,1
273,1,0,1,0,0
274,1,0,1,0,0
275,1,0,1,0,0
276,1,1,1,0,0
277,0,0,0,0,0
278,0,0,0,0,0
279,0,0,0,0,0
280,1,1,1,1,1
281,1,1,1,1,1
282,1,1,1,1,1
283,1,1,0,0,1
284,1,0,0,0,1
285,0,0,0,0,0
286,1,1,0,0,1
287,0,0,1,0,1
288,1,0,1,0,1
289,1,0,1,0,1
290,1,1,1,0,1
291,1,0,1,0,1
292,1,1,1,0,1
293,0,0,1,0,1
294,1,0,1,0,0
295,1,0,1,0,1
296,1,0,1,0,0
297,0,0,1,0,1
298,1,0,1,0,1
299,1,0,1,0,1
300,1,0,1,0,1
301,1,0,1,0,1
302,0,0,1,0,0
303,0,0,0,0,0
304,0,0,0,0,0
305,1,0,1,1,1
306,1,0,1,1,1
307,0,0,0,0,0
308,1,1,0,1,1
309,0,1,0,0,0
310,1,1,0,0,0
311,0,0,0,0,0
312,0,0,0,0,0
313,1,1,0,0,1
314,1,1,0,1,0
315,0,0,0,1,0
316,0,0,0,1,0
317,1,1,1,1,1
318,1,1,1,1,1
319,1,1,1,1,0
320,0,0,1,1,0
321,0,0,0,0,0
322,1,1,0,1,1
323,0,0,0,0,0
324,1,0,1,0,1
325,1,1,0,0,1
326,1,0,1,0,1
327,0,0,0,0,0
328,0,0,1,0,1
329,1,0,1,1,1
330,0,0,0,0,0
331,1,1,0,0,1
332,1,1,0,0,0
333,1,1,1,0,1
334,1,1,0,0,1
335,1,1,0,0,1
336,1,0,1,1,1
337,1,0,1,1,0
338,1,1,1,1,1
339,1,1,1,1,1
340,1,0,1,0,1
341,1,1,0,1,1
342,0,0,0,0,0
343,1,0,1,0,1
344,1,0,1,0,1
345,0,0,1,0,0
346,0,0,1,0,0
347,0,0,0,0,0
348,0,0,0,0,0
349,1,0,1,0,1
350,1,0,1,0,1
351,1,0,1,0,1
352,1,1,1,0,0
353,0,0,0,0,1
354,0,0,0,0,0
355,0,0,0,0,0
356,0,0,0,1,0
357,1,1,1,1,1
358,1,1,0,1,1
359,1,1,1,0,1
360,0,0,0,0,0
361,1,1,0,0,1
362,0,1,0,0,1
363,0,0,0,0,1
364,0,0,0,0,1
365,0,1,0,0,1
366,0,1,0,0,1
367,0,0,0,0,0
368,0,0,0,0,0
369,1,1,1,1,1
370,1,1,0,1,1
371,1,1,0,0,0
372,1,1,0,0,0
373,1,1,0,0,1
374,1,1,0,0,0
375,1,1,1,0,1
376,0,0,0,0,0
377,1,1,0,0,0
378,1,1,0,1,1
379,1,1,1,0,0
380,1,1,1,1,0
381,1,0,0,0,0
382,1,1,1,1,1
383,1,0,1,1,1
384,0,0,0,0,0
385,1,1,1,1,1
386,1,0,1,1,1
387,1,0,1,0,1
388,1,0,1,1,1
389,1,1,1,1,1
390,1,1,1,1,1
391,1,1,1,1,0
392,0,0,0,0,0
393,0,0,0,0,0
394,1,0,1,0,1
395,1,1,1,1,0
396,1,1,1,1,1
397,1,1,1,1,1
398,0,0,0,0,0
399,1,0,1,1,1
400,0,0,0,0,0
401,0,0,0,0,0
402,0,0,0,0,0
403,0,0,0,0,0
404,0,0,0,0,0
405,0,0,0,0,0
406,0,0,0,0,0
407,0,0,0,0,0
408,0,0,0,0,0
409,0,0,0,0,0
410,0,0,0,0,0
411,0,0,0,0,0
412,0,0,0,0,0
413,0,0,0,0,0
414,0,0,0,0,0
415,1,1,0,1,0
416,1,1,0,1,0
417,0,0,0,0,0
418,1,1,0,0,0
419,1,1,1,1,1
420,1,0,1,1,1
421,1,1,1,0,0
422,1,1,1,0,0
423,0,0,0,0,0
424,1,1,0,0,1
425,1,1,0,0,1
426,1,1,0,0,1
427,1,1,0,0,1
428,0,0,0,0,0
429,1,1,1,1,1
430,1,1,0,0,1
431,1,0,0,0,0
432,1,1,0,0,0
433,1,1,1,0,1
434,1,1,1,1,1
435,1,0,1,0,0
436,0,0,0,1,0
437,0,0,0,0,0
438,1,0,1,0,1
439,1,0,1,0,1
440,1,1,1,0,1
441,1,1,1,1,0
442,1,0,1,0,1
443,0,0,0,0,0
444,1,0,1,0,0
445,1,0,1,0,1
446,0,0,0,0,0
447,0,0,0,0,0
448,0,0,0,0,0
449,0,0,1,0,0
450,0,0,1,0,1
451,1,0,1,0,1
452,1,0,1,0,1
453,0,0,0,0,1
454,1,0,1,0,1
455,0,0,1,0,0
456,0,0,0,1,0
457,0,0,0,1,0
458,1,1,1,0,1
459,1,0,0,1,1
460,1,1,1,1,0
461,1,1,1,0,1
462,1,1,1,0,1
463,1,1,0,0,0
464,0,1,1,0,1
465,1,1,0,1,1
466,0,0,0,0,0
467,0,0,0,0,0
468,1,1,0,0,0
469,1,1,1,1,1
470,1,0,1,0,1
471,1,0,1,1,0
472,1,1,1,0,0
473,1,1,1,1,1
474,1,1,1,1,1
475,1,1,1,1,1
476,1,0,1,1,1
477,1,0,1,0,1
478,1,1,1,1,1
479,1,0,1,0,0
480,1,1,1,0,1
481,0,0,0,0,1
482,1,0,1,1,1
483,1,0,1,0,0
484,1,0,1,0,1
485,0,0,1,1,1
486,1,0,0,0,1
487,1,1,1,0,1
488,1,0,1,0,1
489,0,0,0,0,0
490,0,0,0,0,0
491,0,0,0,0,0
492,1,0,1,0,1
493,0,0,0,0,0
494,1,0,1,0,1
495,0,0,0,0,0
496,0,0,1,0,1
497,0,0,0,0,0
498,0,0,0,0,0
499,0,0,1,0,0
500,1,0,1,0,1
501,1,1,1,0,1
502,1,1,1,1,1
503,1,1,1,1,1
504,1,0,1,0,0
505,1,1,1,1,1
506,0,1,0,0,0
507,1,1,1,1,1
508,1,1,1,1,1
509,1,1,1,1,1
510,0,0,1,0,0
511,0,0,0,0,0
512,1,0,1,1,1
513,0,0,1,1,0
514,1,0,1,1,1
515,0,0,0,0,0
516,0,0,1,1,1
517,1,1,1,1,1
518,1,1,1,1,1
519,0,0,0,0,1
520,1,0,0,0,0
521,0,0,0,0,0
522,0,0,0,0,0
523,0,0,0,0,0
524,0,0,0,0,0
525,0,0,0,0,0
526,0,0,0,0,0
527,0,0,0,0,0
528,0,0,0,0,0
529,0,0,0,0,0
530,0,0,0,0,0
531,0,0,0,0,1
532,0,0,0,0,0
533,0,0,0,0,0
534,0,0,0,0,1
535,0,0,0,0,0
536,0,0,0,0,0
537,0,0,0,0,0
538,0,0,0,0,0
539,0,0,0,1,0
540,1,1,1,1,1
541,0,0,0,0,0
542,1,0,1,0,1
543,0,0,0,0,0
544,0,0,0,0,0
545,1,0,1,0,1
546,1,0,1,0,1
547,1,0,1,0,1
548,0,0,0,0,0
549,0,0,1,0,0
550,0,0,1,0,1
551,0,0,1,0,0
552,1,0,1,1,1
553,1,0,1,0,1
554,0,0,1,0,1
555,0,0,0,0,1
556,0,0,1,0,1
557,0,0,0,0,0
558,1,0,1,0,1
559,1,0,1,0,1
560,0,0,1,0,1
561,0,0,0,0,1
562,1,0,1,0,1
563,1,0,1,0,1
564,0,0,0,0,0
565,1,0,1,0,0
566,0,0,0,0,0
567,1,1,1,1,1
568,0,0,0,1,0
569,0,0,0,0,0
570,1,1,1,1,1
571,1,0,1,0,0
572,0,0,0,0,0
573,0,0,0,0,0
574,0,0,0,0,0
575,1,0,0,0,0
576,1,1,1,0,1
577,0,0,0,0,0
578,0,0,0,0,0
579,1,0,1,0,0
580,0,0,0,0,0
581,1,0,1,0,0
582,0,0,1,0,0
583,1,0,1,0,0
584,1,0,1,0,1
585,1,1,0,0,0
586,0,0,0,0,0
587,0,0,0,0,0
588,0,0,0,0,0
589,1,1,1,1,1
590,1,1,1,1,1
591,1,1,0,1,1
592,1,1,1,0,1
593,1,1,1,0,1
594,0,0,0,0,0
595,1,1,1,1,1
596,1,1,1,0,1
597,1,1,1,1,0
598,1,1,1,1,1
599,1,0,1,0,1
600,1,1,1,1,1
601,0,0,1,0,0
602,1,0,0,1,0
603,0,0,0,0,0
604,1,0,1,0,1
605,0,0,1,0,1
606,0,0,0,0,1
607,0,0,0,0,0
608,0,0,0,0,0
609,1,0,1,0,1
610,1,1,1,1,1
611,0,0,1,0,1
612,1,0,0,1,1
613,1,0,1,0,1
614,1,0,1,0,1
615,1,0,1,1,1
616,0,0,0,0,0
617,1,0,1,0,1
618,0,0,1,0,0
619,0,0,1,0,1
620,1,0,1,0,1
621,0,0,0,0,1
622,0,0,1,0,0
623,0,0,1,0,1
624,1,0,1,0,1
625,1,0,1,0,0
626,0,0,0,0,0
627,0,0,0,0,0
628,0,0,1,0,0
629,0,0,1,0,0
630,0,0,0,0,0
631,0,0,0,0,0
632,0,0,0,0,0
633,0,0,1,0,0
634,0,0,0,0,0
635,1,0,1,0,0
636,0,0,1,0,0
637,0,0,0,0,0
638,0,0,1,0,0
639,1,0,0,0,0
640,1,0,1,0,1
641,0,0,1,0,1
642,0,0,0,0,0
643,0,0,0,0,0
644,0,0,0,1,0
645,1,1,1,1,1
646,1,0,1,1,1
647,0,0,0,0,0
648,1,1,0,1,1
649,1,1,0,0,0
650,1,1,1,1,1
651,1,1,0,0,0
652,0,0,0,0,0
653,1,1,1,1,1
654,1,1,0,0,0
655,1,1,1,1,1
656,0,0,0,0,1
657,0,0,0,0,1
658,1,1,1,0,0
659,1,1,0,0,0
660,1,1,0,0,1
661,0,1,0,0,0
662,0,0,0,1,0
663,1,1,0,1,1
664,1,1,1,0,1
665,1,0,1,1,0
666,0,0,0,1,0
667,0,0,0,0,0
668,1,1,1,0,0
669,1,1,1,0,1
670,1,1,0,0,0
671,1,1,1,0,0
672,1,1,0,0,0
673,1,0,1,0,0
674,0,0,1,1,0
675,1,0,1,1,1
676,0,0,0,0,0
677,1,1,1,1,1
678,1,1,1,0,0
679,1,1,1,1,0
680,1,0,1,1,1
681,1,0,0,0,1
682,1,1,1,0,1
683,1,1,0,1,1
684,0,0,0,0,0
685,0,0,0,0,0
686,1,1,0,0,0
687,0,0,0,0,0
688,1,0,1,0,1
689,1,1,1,0,1
690,0,0,1,0,1
691,1,0,1,0,1
692,1,0,1,0,1
693,0,0,0,0,0
694,1,1,1,1,1
695,1,1,1,1,1
696,1,1,1,1,1
697,1,1,1,1,1
698,1,1,1,1,1
699,1,0,1,0,1
700,0,0,0,0,0
701,1,1,1,1,1
702,1,1,1,1,1
703,1,0,1,1,1
704,0,0,0,0,0
705,1,0,0,0,1
706,1,1,1,1,1
707,1,1,0,1,1
708,1,1,0,1,1
709,1,0,0,1,0
710,1,1,0,1,0
711,1,0,0,0,1
712,1,0,0,1,0
713,1,0,1,0,0
714,1,1,0,1,1
715,1,1,1,1,0
716,1,1,1,0,1
717,0,0,0,0,1
718,0,0,0,0,0
719,0,0,0,0,0
720,0,0,0,0,0
721,0,0,0,0,0
722,0,0,1,0,0
723,0,0,0,0,0
724,0,0,0,0,0
725,0,0,0,0,0
726,0,0,0,0,0
727,0,0,0,0,0
728,1,0,0,1,1
729,0,0,0,1,0
730,0,0,0,0,1
731,0,0,0,0,0
732,1,1,1,0,1
733,1,1,0,0,0
734,1,0,0,1,1
735,1,0,0,0,0
736,1,0,1,0,1
737,1,1,0,0,0
738,1,1,1,0,1
739,1,1,1,0,1
740,0,0,1,0,1
741,1,1,1,0,1
742,1,1,1,0,1
743,1,1,1,0,1
744,1,1,0,0,0
745,1,1,1,0,1
746,1,1,1,0,0
747,0,0,0,0,0
748,1,0,0,0,0
749,1,0,0,1,1
750,1,1,1,0,0
751,0,0,1,0,1
752,1,1,1,0,1
753,1,1,1,1,1
754,0,1,1,0,1
755,1,1,1,1,0
756,0,0,1,0,1
757,1,0,1,1,0
758,1,1,0,0,0
759,1,1,0,0,0
760,0,0,1,0,0
761,0,0,0,0,0
762,1,1,0,1,1
763,1,1,0,0,1
764,1,1,0,1,1
765,0,0,0,0,0
766,1,1,1,1,1
767,1,1,0,1,1
768,1,1,0,0,1
769,0,1,0,1,1
770,0,1,0,0,1
771,1,0,1,0,0
772,1,0,0,0,1
773,1,0,1,0,1
774,0,0,1,0,1
775,1,0,1,0,1
776,1,0,1,0,1
777,0,1,1,1,1
778,0,0,1,0,1
779,1,1,1,1,1
780,0,0,1,0,1
781,1,0,1,0,1
782,0,0,0,1,0
783,1,0,1,1,1
784,1,1,1,1,1
785,1,0,1,1,1
786,1,1,1,1,1
787,1,0,1,0,1
788,0,0,0,0,0
789,1,0,0,0,0
790,1,1,1,0,1
791,1,0,1,0,0
792,1,1,1,0,1
793,1,0,1,0,0
794,1,0,1,0,1
795,0,0,0,0,0
796,1,0,0,0,0
797,1,0,0,1,1
798,0,1,1,0,0
799,1,0,1,0,0
800,1,1,0,0,1
801,1,0,0,0,1
802,0,0,0,0,0
803,0,0,0,0,0
804,0,0,0,0,0
805,0,0,0,0,0
806,1,1,1,0,1
807,1,1,0,1,1
808,1,1,1,0,0
809,0,1,0,0,0
810,0,0,0,0,0
811,1,1,1,0,1
812,0,0,0,0,0
813,1,0,1,0,0
814,1,1,0,0,0
815,0,0,0,0,0
816,1,0,1,0,0
817,1,0,1,0,1
818,0,0,1,0,0
819,0,0,0,0,0
820,1,1,0,1,1
821,0,0,0,1,0
822,1,0,1,0,1
823,1,1,1,1,1
824,0,0,0,1,0
825,1,1,1,0,1
826,1,1,1,1,1
827,1,1,1,0,1
828,1,1,1,1,0
829,1,0,1,1,1
830,1,1,0,1,1
831,1,1,0,0,1
832,0,0,0,0,0
833,0,1,1,0,0
834,0,0,1,0,1
835,1,1,1,1,0
836,1,1,1,1,1
837,1,0,1,0,0
838,0,0,0,0,0
839,1,0,1,0,0
840,0,0,1,0,1
841,1,1,1,0,1
842,1,1,1,0,1
843,1,0,1,0,1
844,1,0,1,1,1
845,1,1,1,1,1
846,0,0,0,0,0
847,0,0,1,0,1
848,0,0,1,0,1
849,1,0,1,0,1
850,1,1,1,1,1
851,0,0,0,0,0
852,1,1,0,0,0
853,1,1,1,0,1
854,0,0,1,0,0
855,0,0,0,0,1
856,1,0,1,0,1
857,1,0,1,0,1
858,0,1,1,0,1
859,0,0,0,0,0
860,1,1,0,0,1
861,1,0,0,0,0
862,1,1,0,0,0
863,0,1,1,0,0
864,0,0,0,1,0
865,0,0,1,0,0
866,1,1,0,0,1
867,1,1,0,0,0
868,1,1,1,1,1
869,1,1,0,0,1
870,1,1,0,0,1
871,1,1,1,0,1
872,1,1,1,0,1
873,0,0,0,1,0
874,1,1,1,1,1
875,1,0,1,0,1
876,1,0,1,1,1
877,1,1,1,0,1
878,1,1,1,0,1
879,1,0,1,0,1
880,0,0,1,0,0
881,0,0,0,0,0
882,1,0,1,0,1
883,0,0,1,0,0
884,0,0,1,0,1
885,1,1,1,0,1
886,1,0,1,0,1
887,1,1,1,0,1
888,1,1,1,0,1
889,0,0,1,0,1
890,1,0,1,0,1
891,0,0,0,0,0
892,1,0,1,0,1
893,1,1,1,0,1
894,1,0,1,0,1
895,0,0,0,0,0
896,1,1,1,0,1
897,1,0,1,0,1
898,0,0,1,0,1
899,1,0,1,0,1
900,1,0,1,0,1
901,1,0,1,0,1
902,0,1,0,0,1
903,1,0,1,0,1
904,1,0,1,0,1
905,1,0,1,0,1
906,1,0,1,0,1
907,0,0,1,0,1
908,0,0,0,0,0
909,1,1,1,1,1
910,1,1,1,1,1
911,1,1,1,1,1
912,1,1,1,1,1
913,0,0,0,0,0
914,1,0,1,0,1
915,1,0,1,1,1
916,1,0,1,1,1
917,0,0,1,0,1
918,1,0,1,0,1
919,0,0,0,0,0
920,1,0,1,0,0
921,0,0,0,0,1
922,0,0,1,0,1
923,0,0,0,0,0
924,0,0,0,0,0
925,0,0,0,0,0
926,0,0,0,0,0
927,0,0,1,0,0
928,0,0,1,0,0
929,0,0,0,0,0
930,0,0,1,0,0
931,0,0,0,0,0
932,1,0,1,0,1
933,0,0,1,0,1
934,1,0,1,0,1
935,1,0,1,0,1
936,1,0,1,0,1
937,0,0,0,0,0
938,0,0,1,0,0
939,0,0,0,0,0
940,0,0,0,1,0
941,1,0,1,1,1
942,1,0,1,1,1
943,1,0,1,1,0
944,1,0,1,1,0
945,0,0,0,1,0
946,0,0,1,1,1
947,0,0,0,0,0
948,1,1,0,0,0
949,1,1,1,0,1
950,1,1,1,0,0
951,1,1,1,0,1
952,1,1,1,0,1
953,1,1,1,0,0
954,1,1,1,0,0
955,0,0,0,0,0
956,0,0,0,0,0
957,0,0,0,0,0
958,0,0,0,0,0
959,1,0,0,0,0
960,1,0,1,0,0
961,0,0,0,0,0
962,1,1,1,0,1
963,1,0,0,0,1
964,1,1,0,0,0
965,1,1,1,0,1
966,1,1,0,0,0
967,1,1,1,1,1
968,1,1,0,0,1
969,0,0,0,0,0
970,1,0,0,1,1
971,1,1,1,1,1
972,1,1,1,1,1
973,0,0,0,0,0
974,1,0,1,0,1
975,1,1,0,0,1
976,1,0,1,1,1
977,1,0,1,0,1
978,1,0,1,0,0
979,0,0,0,0,0
980,0,0,0,0,0
981,1,0,1,0,1
982,1,1,0,0,1
983,1,0,1,0,1
984,1,0,1,0,1
985,1,1,1,0,1
986,1,1,1,0,1
987,1,1,1,0,1
988,0,0,0,0,0
989,0,0,0,0,0
990,1,0,1,0,1
991,1,1,1,0,1
992,1,1,1,0,1
993,1,1,0,0,0
994,0,1,0,1,0
995,1,1,1,1,1
996,1,0,1,1,0
997,0,0,1,0,0
998,1,0,1,0,1
999,1,1,1,0,0
1000,1,0,1,0,0
1001,1,0,1,0,1
1002,1,0,1,0,1
1003,1,1,1,0,0
1004,1,1,1,1,0
1005,1,1,0,0,1
1006,1,1,1,1,1
1007,1,1,1,1,1
1008,1,1,1,1,1
1009,0,0,0,0,0
1010,1,0,1,0,1
1011,1,0,1,0,1
1012,1,0,1,1,1
1013,0,0,1,0,0
1014,0,0,1,0,1
1015,1,0,1,0,1
1016,1,0,1,0,1
1017,1,0,1,0,1
1018,1,1,1,0,1
1019,1,0,1,0,1
1020,1,0,1,0,0
1021,0,0,1,0,1
1022,1,0,1,0,1
1023,1,0,1,0,1
1024,0,0,0,0,0
1025,1,0,1,0,1
1026,1,0,1,0,1
1027,1,1,1,0,1
1028,0,0,1,0,1
1029,1,0,1,0,1
1030,1,0,1,0,1
1031,1,1,1,0,1
1032,1,0,1,0,1
1033,1,0,1,0,1
1034,1,1,1,0,1
1035,1,0,1,0,1
1036,1,0,1,0,0
1037,0,0,0,1,0
1038,0,0,0,0,0
1039,1,0,1,1,1
1040,1,1,1,0,1
1041,1,0,1,0,0
1042,1,0,1,0,0
1043,0,0,0,0,0
1044,0,0,0,0,0
1045,0,0,1,1,1
1046,1,0,0,1,0
1047,0,0,0,0,0
1048,1,1,0,1,1
1049,1,1,0,0,1
1050,1,1,0,0,1
1051,1,1,0,0,0
1052,1,1,1,1,1
1053,1,1,1,1,1
1054,1,1,1,0,1
1055,1,1,0,0,1
1056,1,1,1,1,0
1057,1,1,1,0,0
1058,1,0,0,1,1
1059,1,1,1,1,1
1060,1,1,1,1,1
1061,1,0,1,1,1
1062,0,0,0,1,0
1063,0,0,0,0,0
1064,1,1,1,1,1
1065,1,1,1,0,1
1066,1,1,0,0,1
1067,1,1,0,0,1
1068,0,0,0,0,0
1069,1,1,0,0,1
1070,1,1,1,1,1
1071,1,0,1,0,1
1072,0,1,0,1,0
1073,1,1,1,1,1
1074,1,0,1,1,1
1075,1,0,1,0,1
1076,1,0,1,1,1
1077,1,1,1,0,1
1078,1,0,1,0,1
1079,1,0,1,0,1
1080,1,1,1,0,1
1081,1,0,1,0,1
1082,0,0,1,0,1
1083,0,0,0,0,1
1084,1,0,1,0,1
1085,1,0,1,0,0
1086,1,1,1,0,1
1087,1,0,1,0,1
1088,1,1,1,0,1
1089,0,0,0,0,0
1090,0,0,0,0,0
1091,1,1,0,1,1
1092,1,1,0,1,0
1093,1,1,0,0,1
1094,0,0,0,0,0
1095,1,1,1,0,1
1096,1,1,1,0,1
1097,1,0,1,0,1
1098,1,1,1,0,0
1099,1,0,1,0,1
1100,1,0,1,0,0
1101,1,1,1,0,1
1102,1,1,1,1,1
1103,1,1,1,0,0
1104,1,1,1,0,1
1105,1,1,1,0,1
1106,0,0,0,0,0
1107,0,0,0,0,0
1108,0,1,0,1,1
1109,0,0,0,0,0
1110,1,1,1,0,1
1111,1,1,1,1,1
1112,1,0,1,0,1
1113,1,0,1,0,1
1114,1,0,1,1,1
1115,1,0,1,0,1
1116,1,0,1,1,1
1117,1,0,0,0,0
1118,1,0,1,0,1
1119,1,0,1,0,1
1120,0,0,1,0,0
1121,0,0,1,0,0
1122,1,0,1,0,0
1123,1,0,1,0,1
1124,0,0,1,0,1
1125,1,0,1,1,0
1126,1,1,1,1,1
1127,0,0,1,0,0
1128,0,0,0,0,0
1129,1,0,1,0,1
1130,1,1,0,0,0
1131,0,0,0,0,0
1132,1,0,1,0,0
1133,1,0,1,0,1
1134,1,0,1,0,1
1135,1,0,1,0,0
1136,0,0,0,0,0
1137,0,0,0,1,1
1138,0,0,0,0,0
1139,1,1,1,1,1
1140,0,0,0,0,0
1141,1,0,1,0,1
1142,1,0,1,1,1
1143,0,0,0,0,0
1144,0,0,0,0,0
1145,0,0,0,0,0
1146,1,1,1,1,1
1147,1,1,0,1,1
1148,1,0,0,1,1
1149,0,0,0,0,0
1150,1,1,0,1,1
1151,1,1,0,0,1
1152,1,0,0,0,1
1153,1,1,0,0,1
1154,1,1,1,0,1
1155,1,1,1,0,1
1156,1,1,0,0,1
1157,0,1,0,0,0
1158,1,1,0,0,1
1159,1,1,0,0,1
1160,1,1,1,1,1
1161,0,0,0,0,0
1162,0,0,0,0,0
1163,1,1,0,1,1
1164,1,1,0,0,1
1165,0,0,0,1,0
1166,0,0,0,0,0
1167,0,0,0,0,0
1168,1,0,1,1,1
1169,1,1,1,0,1
1170,1,0,0,0,0
1171,1,0,0,0,1
1172,0,0,1,0,1
1173,1,0,1,0,1
1174,0,0,0,0,0
1175,0,0,0,0,0
1176,1,0,0,0,0
1177,1,1,1,0,1
1178,1,1,1,0,0
1179,1,1,1,0,0
1180,0,0,0,0,0
1181,1,1,0,0,1
1182,0,1,0,0,0
1183,1,1,0,1,1
1184,1,1,0,1,1
1185,1,1,0,0,0
1186,1,1,0,0,1
1187,1,1,0,0,1
1188,1,1,0,0,1
1189,1,1,0,0,0
1190,1,1,0,0,0
1191,1,1,0,0,0
1192,1,1,1,1,1
1193,1,1,1,0,1
1194,1,0,1,0,1
1195,1,1,1,1,1
1196,0,0,0,0,0
1197,0,0,0,0,0
1198,1,1,0,1,1
1199,1,0,0,1,1
1200,0,0,0,0,0
1201,1,1,1,1,1
1202,1,1,1,1,1
1203,1,1,1,0,1
1204,1,1,1,0,1
1205,1,1,1,1,0
1206,1,1,1,0,0
1207,0,1,0,0,0
1208,1,1,0,0,1
1209,1,1,1,1,1
1210,1,1,0,0,1
1211,1,1,0,0,1
1212,1,1,0,0,0
1213,1,0,0,1,1
1214,1,1,1,1,1
1215,1,1,1,1,1
1216,0,0,0,0,0
1217,0,0,0,0,0
1218,0,0,0,0,0
1219,0,0,0,0,0
1220,0,0,0,0,0
1221,0,0,0,0,0
1222,0,0,0,0,0
1223,0,0,0,0,0
1224,0,0,0,0,0
1225,0,0,0,0,0
1226,1,0,1,0,1
1227,0,0,0,1,0
1228,0,0,0,0,0
1229,0,1,0,0,0
1230,1,1,1,1,1
1231,1,1,1,0,1
1232,1,0,0,0,0
1233,1,1,1,1,1
1234,1,1,1,1,1
1235,1,0,0,0,0
1236,1,0,1,0,0
1237,1,0,0,0,0
1238,0,0,0,1,0
1239,1,1,0,0,1
1240,1,1,0,0,0
1241,0,0,0,0,0
1242,1,1,0,0,1
1243,1,1,0,0,1
1244,1,1,0,0,1
1245,1,1,1,1,1
1246,1,1,0,0,0
1247,1,1,0,0,1
1248,1,1,0,0,1
1249,1,1,1,0,1
1250,1,1,0,0,0
1251,1,1,0,0,1
1252,1,1,0,0,0
1253,1,1,0,1,1
1254,1,1,1,1,1
1255,1,1,1,1,1
1256,1,1,0,0,0
1257,1,1,1,0,0
1258,1,0,1,0,0
1259,1,1,0,1,1
1260,0,0,0,1,0
1261,0,0,0,0,0
1262,1,0,1,0,1
1263,1,1,1,0,1
1264,1,1,1,1,1
1265,0,1,1,0,1
1266,0,0,0,0,0
1267,1,0,1,0,1
1268,1,0,1,0,0
1269,0,0,1,0,1
1270,1,0,1,0,1
1271,1,0,1,1,1
1272,1,0,1,0,0
1273,0,0,0,0,0
1274,1,0,1,0,0
1275,0,0,0,0,0
1276,0,0,0,0,0
1277,1,1,0,0,0
1278,1,1,0,0,1
1279,1,1,1,0,0
1280,0,0,0,0,1
1281,0,0,0,0,0
1282,1,1,0,0,1
1283,1,1,0,0,0
1284,1,1,0,0,1
1285,1,1,0,0,0
1286,0,1,0,0,0
1287,1,1,1,0,1
1288,1,1,1,1,1
1289,1,1,1,0,1
1290,1,1,1,0,1
1291,1,1,1,0,1
1292,1,1,1,0,1
1293,1,1,0,0,1
1294,1,0,1,0,1
1295,0,0,0,0,0
1296,1,0,1,0,1
1297,1,0,1,1,1
1298,1,0,1,1,1
1299,1,0,1,1,1
1300,0,0,1,1,0
1301,1,0,1,0,1
1302,0,0,0,1,0
1303,0,0,0,1,0
1304,1,1,1,1,0
1305,1,0,1,0,1
1306,1,1,0,1,1
1307,1,1,0,0,1
1308,1,0,0,0,1
1309,1,0,0,0,1
1310,1,1,1,0,1
1311,1,0,0,0,1
1312,0,0,0,0,0
1313,1,0,1,0,1
1314,0,0,0,0,0
1315,1,1,1,1,1
1316,1,0,0,0,0
1317,0,0,0,0,0
1318,1,1,1,0,1
1319,1,1,0,0,0
1320,1,1,0,0,0
1321,1,0,1,0,0
1322,1,0,0,0,0
1323,0,0,0,0,0
1324,1,0,1,0,1
1325,1,0,1,0,1
1326,0,0,1,0,1
1327,1,1,0,0,1
1328,0,0,0,0,1
1329,0,0,0,0,1
1330,0,0,0,0,0
1331,1,1,0,0,0
1332,1,1,1,0,1
1333,1,1,0,0,1
1334,1,1,0,0,1
1335,1,1,0,0,0
1336,1,1,0,0,1
1337,1,1,0,0,1
1338,1,1,0,0,0
1339,1,1,0,0,0
1340,1,1,1,0,0
1341,0,0,0,0,0
1342,1,0,1,1,1
1343,1,0,0,0,0
1344,1,0,1,0,1
1345,1,0,1,0,0
1346,0,0,0,0,0
1347,1,0,0,1,0
1348,1,1,0,0,1
1349,1,0,1,0,1
1350,0,0,0,0,0
1351,1,0,0,0,1
1352,0,0,0,0,0
1353,1,1,1,0,1
1354,0,0,0,0,0
1355,1,1,1,0,1
1356,1,0,1,0,1
1357,0,0,1,0,1
1358,0,0,1,0,1
1359,1,0,1,0,1
1360,0,0,0,0,0
1361,1,0,1,0,1
1362,1,1,1,0,1
1363,1,1,1,0,1
1364,1,0,1,0,1
1365,0,0,1,0,0
1366,1,1,1,0,1
1367,1,0,1,0,1
1368,0,0,0,0,0
1369,0,0,0,0,0
1370,1,1,0,0,0
1371,1,0,1,0,0
1372,1,0,1,0,1
1373,1,0,1,0,1
1374,1,1,1,0,1
1375,1,1,1,0,1
1376,1,1,1,0,1
1377,1,1,1,1,1
1378,1,1,1,1,1
1379,1,1,0,1,1
1380,1,1,1,1,1
1381,1,0,1,1,1
1382,1,0,1,1,1
1383,1,0,1,0,1
1384,1,0,1,1,1
1385,0,0,1,0,1
1386,1,0,1,1,1
1387,1,0,1,0,1
1388,1,0,1,0,1
1389,0,0,1,0,1
1390,1,1,1,0,1
1391,1,0,1,0,1
1392,1,0,1,1,1
1393,0,0,0,0,0
1394,1,1,1,1,1
1395,0,1,1,0,0
1396,1,0,1,1,1
1397,1,0,1,1,1
1398,0,0,0,1,0
1399,0,0,0,1,0
1400,1,0,1,0,1
1401,1,0,0,0,0
1402,1,0,1,0,1
1403,1,0,1,0,1
1404,0,0,1,0,0
1405,1,0,0,0,0
1406,1,0,1,1,1
1407,1,1,0,0,0
1408,0,0,1,0,0
1409,0,0,0,0,0
1410,1,0,0,0,0
1411,1,0,1,0,0
1412,1,1,0,1,1
1413,1,1,1,0,1
1414,1,0,1,0,1
1415,0,0,0,0,0
1416,1,0,1,0,1
1417,1,1,1,1,1
1418,1,1,0,0,1
1419,1,1,0,0,0
1420,1,1,1,1,1
1421,1,0,1,0,0
1422,1,0,1,0,1
1423,0,0,0,0,0
1424,1,1,1,1,1
1425,1,1,1,1,1
1426,1,1,0,0,1
1427,1,1,0,0,0
1428,1,1,0,1,1
1429,0,0,0,0,0
1430,0,0,0,0,0
1431,0,0,0,0,0
1432,0,1,0,0,0
1433,1,1,0,0,1
1434,0,1,0,0,0
1435,1,1,1,1,1
1436,1,0,0,0,1
1437,1,1,0,0,1
1438,1,0,0,0,0
1439,1,1,1,0,1
1440,1,1,0,1,1
1441,1,1,0,1,1
1442,1,1,1,1,1
1443,0,0,0,0,0
1444,1,1,1,1,1
1445,1,0,1,0,1
1446,1,0,1,0,1
1447,1,0,1,0,1
1448,1,0,0,0,0
1449,1,0,0,0,0
1450,1,0,1,0,1
1451,1,0,1,0,0
1452,0,0,0,0,0
1453,1,0,1,0,1
1454,1,0,1,0,0
1455,1,1,1,0,1
1456,1,1,1,0,1
1457,1,0,1,0,1
1458,1,0,1,0,1
1459,1,1,1,0,0
1460,1,1,1,0,1
1461,1,0,0,1,0
1462,1,1,1,1,1
1463,1,0,1,0,1
1464,1,0,1,1,1
1465,1,0,1,1,1
1466,1,0,1,1,0
1467,0,0,1,1,0
1468,0,0,0,0,0
1469,0,0,0,0,0
1470,0,0,0,0,0
1471,0,0,0,0,0
1472,1,0,0,1,0
1473,1,1,1,1,1
1474,1,0,1,0,1
1475,1,0,1,1,1
1476,1,0,1,1,1
1477,1,0,1,1,0
1478,0,0,1,1,0
1479,0,0,0,0,0
1480,0,0,0,0,0
1481,0,0,0,0,0
1482,0,0,0,0,0
1483,0,0,0,0,0
1484,1,1,0,1,0
1485,1,1,1,0,1
1486,1,1,1,1,1
1487,1,1,0,0,1
1488,1,1,0,0,0
1489,0,0,0,0,0
1490,1,1,1,1,0
1491,1,1,1,0,0
1492,1,1,1,0,1
1493,1,1,1,0,1
1494,1,1,1,0,0
1495,0,0,0,0,0
1496,1,1,1,1,1
1497,1,1,0,0,1
1498,1,1,0,0,0
1499,1,1,0,0,0
1500,1,1,1,0,1
1501,1,1,1,1,1
1502,1,1,0,0,1
1503,1,1,0,0,1
1504,1,1,1,0,1
1505,1,1,0,0,1
1506,1,1,0,0,0
1507,1,1,1,1,0
1508,1,1,1,0,0
1509,0,0,0,0,0
1510,1,1,1,1,1
1511,0,0,0,1,0
1512,1,0,1,1,0
1513,1,1,1,1,1
1514,1,1,1,1,1
1515,1,1,1,1,1
1516,1,0,1,1,1
1517,1,0,1,1,1
1518,1,1,1,0,1
1519,0,0,0,0,0
1520,1,0,0,0,0
1521,1,1,0,1,1
1522,1,1,1,0,1
1523,0,0,1,1,0
1524,1,0,0,0,1
1525,1,0,0,1,1
1526,0,0,0,0,0
1527,1,1,0,0,1
1528,1,1,1,0,1
1529,1,0,1,0,1
1530,1,1,0,0,1
1531,1,0,0,0,1
1532,1,0,0,0,1
1533,1,0,1,1,1
1534,1,0,0,0,1
1535,1,0,0,0,1
1536,0,0,0,0,1
1537,1,1,1,0,1
1538,1,0,1,0,1
1539,1,0,0,0,1
1540,0,0,0,0,0
1541,0,0,0,0,0
1542,1,1,0,0,1
1543,1,1,1,1,1
1544,1,1,0,0,1
1545,1,1,0,0,1
1546,1,1,0,0,1
1547,1,0,1,0,1
1548,1,1,0,0,0
1549,1,1,1,1,1
1550,0,0,0,0,0
1551,1,1,0,0,0
1552,1,1,1,0,1
1553,0,0,0,0,0
1554,1,1,0,0,1
1555,1,1,1,1,1
1556,0,0,0,0,0
1557,1,1,0,1,1
1558,1,1,1,1,1
1559,1,1,0,0,0
1560,0,0,0,0,0
1561,0,0,0,0,0
1562,1,0,1,1,1
1563,1,0,0,0,0
1564,1,0,1,0,1
1565,0,0,0,0,0
1566,1,0,1,0,1
1567,1,0,1,0,1
1568,0,0,0,0,0
1569,1,1,1,0,1
1570,1,0,1,0,1
1571,1,0,1,1,1
1572,0,0,1,0,0
1573,1,0,1,0,1
1574,1,1,1,0,0
1575,0,0,0,0,0
1576,0,0,0,0,1
1577,1,1,1,0,1
1578,0,0,0,0,0
1579,1,0,1,0,0
1580,1,1,1,0,1
1581,1,1,1,0,1
1582,1,0,1,0,1
1583,1,1,1,1,0
1584,1,0,1,0,1
1585,1,1,0,0,1
1586,1,1,1,0,1
1587,1,1,1,0,1
1588,1,0,1,0,1
1589,1,0,1,0,1
1590,1,0,0,0,0
1591,0,0,0,0,0
1592,0,0,0,0,0
1593,1,1,1,1,1
1594,1,1,0,0,1
1595,1,1,0,0,0
1596,0,1,0,0,1
1597,1,1,1,0,1
1598,0,0,0,0,0
1599,1,0,1,0,1
1600,1,1,1,1,1
1601,1,0,1,0,1
1602,1,1,1,1,1
1603,0,0,1,0,1
1604,0,0,0,0,0
1605,1,0,1,0,1
1606,1,0,1,1,1
1607,1,0,1,0,0
1608,0,0,1,0,0
1609,1,0,1,0,1
1610,1,0,1,0,1
1611,0,0,0,0,0
1612,1,0,1,0,0
1613,0,0,0,1,0
1614,0,0,0,0,0
1615,1,1,1,1,1
1616,1,1,0,0,0
1617,1,1,0,1,1
1618,1,1,0,0,0
1619,1,1,0,0,1
1620,1,1,1,1,1
1621,1,1,1,0,0
1622,0,1,0,0,0
1623,1,1,1,0,0
1624,1,0,0,0,0
1625,1,1,0,0,1
1626,1,1,0,0,0
1627,1,1,1,0,0
1628,1,1,1,0,1
1629,1,0,1,0,1
1630,0,0,0,0,0
1631,0,0,0,0,0
1632,1,0,1,1,1
1633,1,0,0,0,0
1634,0,0,0,0,0
1635,1,0,1,1,0
1636,1,0,1,0,0
1637,0,0,1,0,0
1638,0,0,1,0,0
1639,1,0,1,0,1
1640,1,0,1,0,0
1641,0,0,1,0,0
1642,1,0,1,0,0
1643,0,0,0,0,0
1644,0,0,0,0,0
1645,1,0,1,0,0
1646,1,0,1,0,1
1647,0,0,1,0,0
1648,0,0,1,0,1
1649,0,0,1,0,1
1650,0,0,0,0,0
1651,0,0,1,0,0
1652,0,0,0,0,0
1653,0,0,1,0,0
1654,1,0,1,0,1
1655,0,0,1,0,1
1656,0,0,0,0,1
1657,0,0,1,0,0
1658,0,0,1,0,0
1659,1,0,1,0,1
1660,0,0,0,0,0
1661,0,0,0,0,0
1662,1,1,0,0,1
1663,1,1,0,0,1
1664,1,1,0,1,1
1665,0,0,0,0,0
1666,1,1,1,0,1
1667,1,1,0,0,1
1668,0,1,0,0,0
1669,1,0,0,0,0
1670,1,1,1,0,1
1671,1,1,0,1,1
1672,1,1,0,0,0
1673,0,1,0,0,0
1674,0,0,0,0,0
1675,0,0,0,0,0
1676,0,0,0,0,1
1677,1,0,0,0,1
1678,1,0,0,0,0
1679,1,0,1,1,1
1680,0,0,0,0,0
1681,1,1,0,0,0
1682,1,0,0,0,0
1683,1,1,0,0,1
1684,1,1,0,0,0
1685,1,1,0,0,0
1686,0,1,0,0,0
1687,1,1,1,1,1
1688,1,1,1,1,1
1689,1,1,0,0,1
1690,1,1,0,0,1
1691,1,1,0,0,0
1692,1,1,0,0,1
1693,0,0,0,0,0
1694,0,0,0,0,0
1695,0,0,0,0,0
1696,0,0,0,0,0
1697,0,0,0,0,0
1698,0,0,0,1,0
1699,1,1,1,1,1
1700,1,1,1,1,1
1701,1,0,1,1,1
1702,1,1,1,1,1
1703,0,0,0,0,0
1704,0,0,1,0,0
1705,0,0,0,0,0
1706,1,1,1,0,1
1707,1,1,1,1,1
1708,0,0,1,0,1
1709,1,0,0,0,1
1710,0,0,1,0,1
1711,1,0,1,0,1
1712,0,0,0,0,0
1713,0,0,0,0,0
1714,1,0,1,1,1
1715,1,1,1,1,1
1716,0,0,0,0,0
1717,1,1,1,1,0
1718,1,1,0,0,0
1719,1,0,0,1,1
1720,0,0,0,0,0
1721,1,0,0,0,0
1722,1,0,1,0,0
1723,1,1,1,0,1
1724,1,1,1,1,1
1725,1,1,1,0,1
1726,1,1,1,0,1
1727,1,0,1,0,1
1728,1,1,1,0,0
1729,1,1,1,0,1
1730,0,1,0,0,1
1731,0,0,0,1,0
1732,1,0,1,0,1
1733,1,0,0,0,1
1734,1,0,1,0,1
1735,1,0,1,0,1
1736,1,0,1,1,0
1737,1,0,1,0,1
1738,0,0,1,0,1
1739,1,0,1,0,0
1740,1,0,1,0,1
1741,1,0,1,1,1
1742,0,0,0,1,0
1743,1,1,0,0,1
1744,1,1,1,1,1
1745,1,1,1,0,0
1746,1,1,0,1,0
1747,1,1,1,0,1
1748,1,1,0,0,0
1749,1,1,0,0,1
1750,1,1,0,0,0
1751,1,1,0,0,1
1752,1,1,0,0,0
1753,1,1,0,0,1
1754,1,1,0,0,0
1755,0,0,0,0,0
1756,0,0,0,0,0
1757,1,1,0,1,1
1758,1,1,1,1,1
1759,1,1,1,0,0
1760,1,0,1,0,1
1761,1,0,0,0,1
1762,1,1,0,0,1
1763,1,1,0,0,1
1764,1,1,0,1,1
1765,0,1,0,0,0
1766,1,1,0,0,1
1767,1,0,0,0,0
1768,1,1,1,0,1
1769,1,1,1,0,0
1770,1,1,0,0,1
1771,0,0,0,0,0
1772,1,0,1,1,1
1773,1,0,1,0,1
1774,1,0,1,0,1
1775,0,0,0,0,0
1776,0,0,1,0,0
1777,1,1,1,1,1
1778,0,0,0,0,0
1779,1,1,1,0,1
1780,1,0,1,0,1
1781,1,0,1,1,1
1782,1,0,1,0,1
1783,0,0,0,0,0
1784,0,0,0,1,0
1785,1,1,1,1,1
1786,1,1,1,1,1
1787,1,0,1,1,0
1788,1,1,1,1,1
1789,1,1,1,0,0
1790,1,0,1,0,1
1791,1,0,1,0,1
1792,1,0,1,0,1
1793,1,0,1,0,1
1794,1,0,1,0,1
1795,0,0,1,0,1
1796,1,0,1,0,1
1797,1,1,1,0,1
1798,0,0,0,0,0
1799,1,1,1,1,1
1800,1,0,1,0,1
1801,1,1,1,1,1
1802,0,0,0,0,0
1803,0,1,0,0,0
1804,0,0,0,0,0
1805,0,1,0,0,1
1806,0,0,0,0,0
1807,0,0,0,0,0
1808,1,0,0,1,0
1809,0,0,0,1,0
1810,1,0,1,0,0
1811,0,0,0,0,0
1812,1,1,0,1,0
1813,1,1,0,0,0
1814,1,1,0,0,1
1815,0,0,0,0,0
1816,1,1,1,0,0
1817,1,1,1,0,1
1818,1,1,1,1,1
1819,1,1,0,0,1
1820,1,1,0,0,0
1821,1,1,1,1,1
1822,1,1,0,0,1
1823,1,1,0,0,1
1824,1,1,0,0,1
1825,1,0,0,0,0
1826,1,1,1,1,1
1827,1,0,1,0,1
1828,1,1,1,0,1
1829,1,0,1,0,1
1830,1,0,1,0,1
1831,1,0,1,0,1
1832,1,1,1,1,1
1833,1,0,1,0,1
1834,1,1,1,1,1
1835,1,1,1,0,1
1836,1,0,1,0,0
1837,0,0,0,0,0
1838,0,0,0,0,0
1839,0,0,0,0,0
1840,0,1,1,0,1
1841,1,1,1,1,1
1842,0,0,1,0,0
1843,1,1,1,1,1
1844,1,1,1,1,1
1845,0,0,0,0,0
1846,1,1,1,1,1
1847,1,0,1,1,1
1848,1,0,1,1,1
1849,1,1,1,1,1
1850,1,1,1,1,1
1851,1,0,0,0,1
1852,1,0,1,1,0
1853,1,0,1,0,1
1854,0,0,0,0,0
1855,1,1,1,1,1
1856,1,1,1,1,0
1857,0,1,1,0,0
1858,1,1,1,1,1
1859,1,1,1,1,1
1860,1,0,1,0,1
1861,0,0,0,0,0
1862,0,0,0,0,0
1863,0,0,0,0,0
1864,0,0,0,0,0
1865,0,0,0,0,0
1866,0,0,0,0,0
1867,0,0,0,0,0
1868,0,0,0,0,0
1869,0,0,0,0,0
1870,1,1,0,1,1
1871,1,1,1,1,1
1872,1,1,1,0,0
1873,1,1,1,0,1
1874,1,0,1,0,0
1875,1,0,1,1,1
1876,0,0,0,1,0
1877,0,0,0,0,0
1878,1,0,1,1,0
1879,1,0,1,0,1
1880,0,0,0,0,0
1881,0,0,1,0,0
1882,1,0,1,0,1
1883,1,0,1,0,0
1884,0,0,0,0,0
1885,1,0,0,0,1
1886,0,0,0,0,0
1887,1,1,1,1,1
1888,1,1,0,0,1
1889,1,1,1,0,1
1890,1,0,0,0,1
1891,0,0,0,0,0
1892,0,0,0,0,0
1893,1,1,1,0,0
1894,1,1,0,0,1
1895,1,1,0,0,1
1896,1,1,1,0,1
1897,1,1,0,0,1
1898,1,1,1,0,1
1899,1,1,0,1,0
1900,1,1,0,0,0
1901,1,1,0,0,1
1902,0,1,1,0,1
1903,1,1,1,0,0
1904,0,0,0,0,0
1905,0,0,0,0,0
1906,0,0,0,0,0
1907,0,0,0,0,0
1908,0,0,0,0,0
1909,0,0,0,0,0
1910,0,0,1,0,1
1911,0,0,1,0,1
1912,1,0,1,0,1
1913,0,0,1,1,1
1914,1,0,1,0,0
1915,1,0,1,0,1
1916,1,0,1,0,1
1917,0,0,1,0,1
1918,0,0,1,0,0
1919,1,0,1,0,1
1920,0,0,1,0,0
1921,1,0,1,0,1
1922,0,0,0,1,0
1923,1,1,1,1,1
1924,0,0,0,0,0
1925,1,1,0,0,0
1926,1,1,0,0,1
1927,0,1,0,0,0
1928,0,0,0,0,0
1929,1,1,0,1,1
1930,0,0,0,0,0
1931,1,1,1,0,1
1932,0,0,0,0,1
1933,1,1,1,1,1
1934,0,0,0,0,0
1935,1,0,0,0,1
1936,1,0,1,0,0
1937,0,0,0,0,0
1938,1,1,0,0,1
1939,1,1,0,0,1
1940,1,1,0,0,1
1941,1,0,0,0,1
1942,0,0,0,0,0
1943,1,1,0,0,1
1944,1,1,0,0,1
1945,1,1,0,0,1
1946,1,1,0,0,0
1947,1,0,0,0,1
1948,0,0,0,0,0
1949,1,1,0,0,0
1950,0,0,0,0,1
1951,1,1,0,0,1
1952,0,1,0,0,0
1953,0,0,0,0,1
1954,1,1,0,0,1
1955,0,0,0,0,0
1956,0,0,0,0,0
1957,0,0,0,0,0
1958,0,0,0,0,0
1959,0,0,0,0,0
1960,0,0,0,0,0
1961,0,0,0,1,1
1962,0,0,0,0,0
1963,0,0,0,0,0
1964,0,0,0,0,0
1965,0,0,0,0,0
1966,0,0,0,0,0
1967,0,0,0,0,0
1968,0,0,0,0,0
1969,0,0,0,0,0
1970,0,0,0,0,0
1971,0,0,0,0,0
1972,0,0,0,0,0
1973,0,0,0,0,0
1974,0,0,0,0,0
1975,0,0,0,0,0
1976,0,0,0,0,0
1977,0,0,0,1,0
1978,0,0,0,1,0
1979,1,1,1,1,1
1980,1,1,1,0,1
1981,1,1,1,1,1
1982,1,1,0,0,1
1983,1,1,1,0,1
1984,1,1,0,0,1
1985,0,1,0,0,0
1986,1,1,0,0,1
1987,1,1,0,0,0
1988,1,1,0,0,0
1989,0,0,0,1,0
1990,0,0,0,1,0
1991,1,1,1,1,1
1992,1,1,1,1,1
1993,1,1,0,1,0
1994,0,0,0,0,0
1995,0,0,0,0,0
1996,1,1,0,1,0
1997,1,1,1,1,1
1998,1,1,1,1,1
1999,1,1,0,0,1
2000,1,1,0,0,1
2001,1,1,0,0,1
2002,0,0,0,0,1
2003,1,1,1,0,1
2004,0,0,0,0,0
2005,1,0,1,1,1
2006,1,1,0,1,1
2007,1,1,0,0,1
2008,0,0,0,0,0
2009,1,1,0,0,1
2010,1,0,0,0,0
2011,0,1,0,0,0
2012,1,1,0,0,0
2013,1,1,1,1,1
2014,1,1,0,0,1
2015,1,1,0,1,1
2016,1,1,1,1,1
2017,1,0,1,1,1
2018,1,0,1,1,1
2019,0,0,1,1,0
2020,1,1,1,1,1
2021,1,1,1,1,1
2022,1,1,1,1,1
2023,1,0,1,1,1
2024,1,0,1,1,1
2025,1,1,1,1,1
2026,1,1,1,1,1
2027,1,1,1,1,1
2028,1,0,1,1,1
2029,1,0,1,1,1
2030,0,0,0,0,0
2031,0,0,0,0,0
2032,1,0,1,0,1
2033,1,0,1,0,1
2034,1,1,1,0,1
2035,1,0,1,0,1
2036,1,0,1,1,1
2037,1,0,1,0,1
2038,1,0,1,1,1
2039,1,1,1,0,1
2040,0,0,1,0,1
2041,1,0,1,1,1
2042,1,0,1,0,1
2043,0,0,0,0,0
2044,0,0,0,0,0
2045,0,1,0,0,0
2046,0,0,0,0,0
2047,0,0,0,0,0
2048,0,0,1,0,0
2049,0,0,1,0,0
2050,0,0,1,0,0
2051,1,0,1,0,1
2052,0,0,0,0,0
2053,0,0,1,0,0
2054,0,0,1,0,0
2055,1,0,1,0,1
2056,0,0,0,0,0
2057,1,0,1,1,1
2058,1,0,1,0,1
2059,1,1,1,0,1
2060,1,0,0,0,1
2061,1,0,1,0,0
2062,1,0,1,0,0
2063,0,0,0,0,0
2064,1,1,0,0,1
2065,0,0,0,0,0
2066,1,1,0,1,0
2067,1,1,0,0,1
2068,1,1,0,0,1
2069,1,1,0,0,0
2070,1,1,0,0,0
2071,1,1,0,1,1
2072,1,1,0,0,1
2073,0,0,0,1,0
2074,0,0,0,0,0
2075,0,0,0,0,0
2076,1,0,0,0,1
2077,1,0,0,0,1
2078,1,0,1,0,1
2079,1,0,0,0,1
2080,0,0,0,0,0
2081,0,0,0,0,0
2082,0,0,1,0,0
2083,1,1,0,0,0
2084,0,0,0,0,0
2085,0,0,0,0,0
2086,0,0,0,0,0
2087,0,0,0,0,0
2088,1,1,0,0,1
2089,1,0,0,1,1
2090,1,1,0,0,1
2091,1,0,0,0,0
2092,1,0,1,1,1
2093,1,1,1,1,1
2094,1,1,1,1,1
2095,0,0,0,0,0
2096,1,1,1,1,1
2097,1,1,1,1,1
2098,1,1,0,0,1
2099,0,0,0,0,0
2100,1,1,0,0,1
2101,0,1,0,0,1
2102,1,1,1,0,1
2103,0,1,0,0,1
2104,0,0,0,0,0
2105,1,0,1,0,1
2106,1,1,1,0,1
2107,0,1,1,0,1
2108,0,0,0,0,0
2109,1,0,1,0,1
2110,0,0,1,0,1
2111,0,0,0,0,0
2112,0,0,0,0,0
2113,1,1,0,1,1
2114,1,1,0,1,1
2115,0,1,1,0,1
2116,1,1,0,1,1
2117,1,1,0,0,1
2118,0,0,0,0,0
2119,1,1,1,1,1
2120,1,1,1,1,1
2121,1,1,0,1,0
2122,1,1,0,1,0
2123,0,1,0,0,1
2124,1,1,0,1,1
2125,1,1,0,0,1
2126,1,1,0,0,1
2127,1,1,1,1,1
2128,1,1,1,0,1
2129,0,0,0,1,0
2130,1,1,1,1,1
2131,1,1,1,1,1
2132,0,0,0,1,0
2133,1,1,1,1,1
2134,1,1,1,1,1
2135,1,1,1,1,0
2136,0,0,0,0,0
2137,1,0,1,0,1
2138,1,1,1,0,1
2139,0,0,0,0,0
2140,1,1,1,1,1
2141,0,0,0,0,0
2142,0,1,0,1,0
2143,0,0,0,0,0
2144,1,0,0,0,1
2145,1,0,0,0,1
2146,1,0,0,0,1
2147,1,0,0,0,1
2148,1,1,1,1,1
2149,1,0,0,0,1
2150,0,0,0,0,0
2151,1,1,1,0,1
2152,0,0,1,0,0
2153,0,0,0,0,0
2154,0,0,0,0,0
2155,1,0,1,0,1
2156,0,0,1,0,0
2157,0,0,1,0,0
2158,1,0,1,0,0
2159,0,0,0,0,0
2160,0,0,0,0,0
2161,1,0,1,0,0
2162,0,0,0,0,0
2163,1,1,1,0,1
2164,0,1,0,0,0
2165,1,1,0,0,0
2166,0,0,0,0,0
2167,1,1,0,1,0
2168,1,1,1,0,1
2169,1,1,0,0,0
2170,1,1,0,0,1
2171,1,0,0,0,1
2172,0,0,0,1,0
2173,1,1,1,1,1
2174,1,1,1,1,1
2175,0,0,1,0,0
2176,1,0,1,0,1
2177,1,1,1,0,1
2178,1,0,1,0,1
2179,1,0,1,0,1
2180,1,0,1,0,1
2181,1,0,1,0,1
2182,0,0,1,0,1
2183,1,0,1,0,1
2184,1,0,1,0,1
2185,1,1,1,0,1
2186,0,0,0,0,0
2187,1,0,1,1,1
2188,1,0,1,0,1
2189,1,0,1,0,0
2190,1,1,1,1,1
2191,1,0,1,0,1
2192,0,0,0,1,0
2193,0,0,0,0,0
2194,1,1,1,1,1
2195,1,1,0,0,0
2196,1,1,0,1,1
2197,1,1,1,1,1
2198,1,1,0,0,1
2199,1,1,0,0,1
2200,0,0,0,0,0
2201,0,0,0,0,0
2202,1,0,1,0,1
2203,1,0,1,0,1
2204,1,0,1,0,1
2205,0,0,1,0,0
2206,1,0,1,0,1
2207,1,0,1,0,0
2208,1,0,1,0,1
2209,1,0,1,0,0
2210,1,0,1,0,1
2211,0,0,1,0,1
2212,1,0,1,1,1
2213,1,0,1,0,1
2214,1,0,1,0,1
2215,0,0,0,0,0
2216,0,0,0,0,0
2217,0,0,0,0,0
2218,1,0,1,0,1
2219,1,1,1,0,1
2220,1,0,1,0,0
2221,0,0,0,0,0
2222,1,0,1,1,1
2223,1,1,1,1,1
2224,1,1,1,1,1
2225,0,0,0,0,0
2226,1,0,1,0,1
2227,1,0,1,0,1
2228,1,0,1,0,1
2229,0,0,0,0,0
2230,1,0,1,0,1
2231,1,0,1,0,0
2232,1,0,1,0,1
2233,1,0,1,0,0
2234,1,0,1,0,1
2235,0,0,1,0,0
2236,0,0,1,0,0
2237,1,1,1,0,1
2238,1,0,1,0,1
2239,0,0,0,1,0
2240,1,0,1,1,1
2241,1,1,1,1,1
2242,0,0,0,0,0
2243,1,0,1,0,0
2244,1,1,1,0,1
2245,1,0,0,1,1
2246,1,1,1,1,0
2247,1,1,1,1,1
2248,1,1,1,1,1
2249,1,0,1,0,0
2250,1,1,1,1,1
2251,1,0,0,1,1
2252,0,0,0,0,0
2253,1,0,0,1,1
2254,1,1,0,0,1
2255,1,1,0,0,1
2256,0,0,0,0,0
2257,0,0,0,0,0
2258,0,0,0,0,0
2259,0,0,0,0,0
2260,0,0,0,0,0
2261,0,0,0,0,0
2262,0,1,0,0,0
2263,0,0,0,0,0
2264,0,0,0,0,0
2265,0,0,0,0,0
2266,0,0,0,0,0
2267,0,0,0,0,0
2268,1,1,1,1,1
2269,1,0,1,0,1
2270,1,1,1,1,1
2271,1,0,1,0,1
2272,1,0,1,0,1
2273,1,0,1,0,0
2274,1,1,1,0,1
2275,0,1,0,0,1
2276,1,0,1,0,0
2277,1,0,1,0,0
2278,1,0,0,0,1
2279,1,1,0,0,0
2280,1,1,0,1,0
2281,1,1,0,0,1
2282,0,1,0,1,0
2283,0,0,0,0,0
2284,1,1,0,0,0
2285,1,1,1,0,1
2286,0,0,0,0,1
2287,1,1,1,1,1
2288,0,0,1,0,1
2289,1,1,0,1,1
2290,1,0,0,1,0
2291,1,1,1,1,1
2292,1,1,1,1,1
2293,0,0,0,0,0
2294,1,1,0,0,0
2295,1,1,1,0,1
2296,0,0,0,0,0
2297,1,0,1,0,0
2298,0,0,1,1,1
2299,1,0,0,0,1
2300,1,0,1,0,1
2301,1,1,0,0,1
2302,0,0,0,0,0
2303,0,0,0,0,0
2304,0,0,0,0,0
2305,0,0,0,0,0
2306,0,0,0,0,0
2307,0,0,0,0,0
2308,0,0,0,0,0
2309,0,0,0,0,0
2310,0,0,0,0,0
2311,0,0,0,0,0
2312,0,0,0,0,0
2313,0,0,0,0,0
2314,0,1,0,0,0
2315,0,0,0,0,0
2316,1,1,0,1,1
2317,0,1,0,0,0
2318,1,0,1,0,1
2319,1,0,1,0,1
2320,1,0,1,0,1
2321,0,0,1,0,0
2322,1,0,1,0,1
2323,1,1,1,0,1
2324,1,0,1,0,1
2325,1,0,1,0,1
2326,1,0,1,0,0
2327,1,0,1,0,1
2328,1,0,1,0,1
2329,1,0,1,0,1
2330,1,0,1,1,1
2331,1,1,0,1,1
2332,1,1,1,1,0
2333,1,1,1,0,1
2334,1,1,0,0,1
2335,0,1,0,0,0
2336,1,1,0,1,1
2337,0,1,0,0,0
2338,0,0,0,0,0
2339,0,1,0,0,0
2340,1,1,0,0,0
2341,0,1,0,0,1
2342,1,1,1,1,1
2343,0,0,0,0,0
2344,1,1,0,0,0
2345,1,1,0,0,1
2346,0,0,0,0,0
2347,0,0,1,0,1
2348,1,1,1,1,1
2349,1,1,1,0,1
2350,0,0,1,0,0
2351,1,1,1,1,1
2352,1,1,1,0,1
2353,0,0,0,0,0
2354,1,1,1,1,1
2355,1,0,1,0,1
2356,1,0,1,0,1
2357,1,0,1,1,1
2358,1,0,1,0,1
2359,1,1,1,0,1
2360,1,0,1,0,1
2361,1,0,1,0,1
2362,1,1,0,1,1
2363,1,1,1,1,0
2364,0,0,0,0,0
2365,1,1,0,0,1
2366,0,0,0,0,0
2367,0,0,0,0,0
2368,0,0,0,0,0
2369,0,0,0,0,0
2370,0,0,0,0,0
2371,1,1,1,0,1
2372,1,0,1,0,1
2373,1,1,1,0,0
2374,1,1,1,0,1
2375,0,1,0,0,1
2376,1,1,1,0,1
2377,1,0,1,1,1
2378,0,0,0,0,0
2379,1,0,1,0,1
2380,1,1,1,0,0
2381,1,0,1,0,1
2382,0,0,0,0,0
2383,0,0,0,0,0
2384,0,0,0,0,1
2385,1,0,0,0,0
2386,1,1,1,0,0
2387,1,1,1,0,0
2388,1,1,0,0,0
2389,1,0,0,0,0
2390,0,1,0,1,1
2391,1,0,1,1,1
2392,0,0,1,0,1
2393,1,1,0,1,1
2394,0,1,0,0,0
2395,1,1,1,1,1
2396,1,1,1,1,1
2397,1,1,1,1,1
2398,1,0,1,1,1
2399,1,0,0,0,1
2400,1,1,0,0,0
2401,1,0,1,0,1
2402,1,1,1,1,1
2403,0,0,0,0,0
2404,1,1,0,1,0
2405,1,1,0,0,1
2406,0,1,1,1,1
2407,1,1,1,1,1
2408,1,1,1,0,1
2409,1,1,1,1,1
2410,1,1,1,0,1
2411,1,0,1,0,0
2412,1,1,0,1,1
2413,1,1,0,1,0
2414,1,0,1,0,1
2415,1,1,0,0,1
2416,0,0,0,0,0
2417,1,1,1,1,1
2418,1,1,1,1,1
2419,1,1,1,1,0
2420,1,1,1,1,1
2421,0,0,0,0,0
2422,0,0,0,0,0
2423,1,1,1,0,0
2424,1,1,1,0,1
2425,0,0,0,1,0
2426,1,0,1,1,1
2427,1,0,1,1,0
2428,1,1,1,1,1
2429,1,1,1,1,1
2430,0,0,0,0,0
2431,1,1,1,1,1
2432,1,0,1,0,1
2433,1,1,1,0,1
2434,1,0,1,0,0
2435,1,0,0,1,1
2436,1,0,1,0,1
2437,0,0,0,0,0
2438,1,0,0,0,1
2439,1,0,1,0,1
2440,0,0,0,0,0
