0,-0.0000159203
1,-0.0000159203
2,-0.0000159203
3,-0.0000159203
4,-0.0000159203
5,-0.0250559983
6,-0.0000159203
7,-0.0059574156
8,-0.0000159203
9,-0.0000159203
10,-0.0020361917
11,-0.0003623571
12,-0.0020361917
13,-0.0001981599
14,-0.0000159203
15,-0.0000159203
16,-0.0000895327
17,-0.0011139415
18,-0.0000159203
19,-3.9680186105
20,-0.0000159203
21,-0.0000159203
22,-0.0001981599
23,-0.0000159203
24,-0.0000895327
25,-0.0020361917
26,-0.0020361917
27,-0.0605790047
28,-0.0110432651
29,-3.1961809438
30,-5.6793914523
31,-0.5751532296
32,-0.0605790047
33,-0.5751532296
34,-0.0027396081
35,-2.3535350685
36,-3.1961809438
37,-0.3494676144
38,-0.0335795138
39,-0.0003623571
40,-0.0045013285
41,-0.0000159203
42,-0.0000159203
43,-0.0003623571
44,-0.0000159203
45,-5.6793914523
46,-0.0020361917
47,-0.0250559983
48,-0.0000159203
49,-5.6793914523
50,-0.0027396081
51,-0.0605790047
52,-0.0020361917
53,-3.1961809438
54,-0.0000159203
55,-0.0020361917
56,-0.0250559983
57,-0.5751532296
58,-0.0335795138
59,-0.0000895327
60,-0.0000895327
61,-3.1961809438
62,-5.6793914523
63,-5.6793914523
64,-0.5681464526
65,-0.0330522171
66,-0.0020361917
67,-5.6793914523
68,-3.1961809438
69,-5.6793914523
70,-0.0605790047
71,-5.6793914523
72,-0.0605790047
73,-2.3535350685
74,-2.3535350685
75,-5.6793914523
76,-5.6793914523
77,-2.3535350685
78,-5.6793914523
79,-0.5751532296
80,-5.6793914523
81,-5.6793914523
82,-5.6793914523
83,-5.6793914523
84,-5.6793914523
85,-0.0000159203
86,-5.6793914523
87,-0.0000159203
88,-0.0000159203
89,-0.0000159203
90,-0.0000159203
91,-0.0000159203
92,-0.0003623571
93,-0.0020361917
94,-5.6793914523
95,-0.0605790047
96,-0.5751532296
97,-0.5751532296
98,-5.6793914523
99,-0.0003623571
100,-5.6793914523
101,-3.1961809438
102,-5.6793914523
103,-0.5751532296
104,-5.6793914523
105,-0.0001981599
106,-0.0000895327
107,-0.0001981599
108,-0.5681464526
109,-0.0001981599
110,-0.0011139415
111,-0.0000159203
112,-5.6793914523
113,-5.6793914523
114,-0.0000159203
115,-0.0000159203
116,-0.0000159203
117,-0.0000895327
118,-0.5751532296
119,-3.9680186105
120,-0.0020361917
121,-0.0011139415
122,-0.0001981599
123,-0.0250559983
124,-0.0000895327
125,-0.0335795138
126,-0.0011139415
127,-0.0011139415
128,-2.6258920853
129,-0.0335795138
130,-2.6258920853
131,-0.0335795138
132,-0.0335795138
133,-0.0027396081
134,-0.0011139415
135,-0.0011139415
136,-5.6793914523
137,-0.0000895327
138,-0.0020361917
139,-0.0000895327
140,-0.0027396081
141,-5.6793914523
142,-5.6793914523
143,-0.0000895327
144,-0.0020361917
145,-3.1961809438
146,-0.0605790047
147,-5.6793914523
148,-0.0020361917
149,-0.0000159203
150,-0.0020361917
151,-0.0000895327
152,-0.0020361917
153,-0.0250559983
154,-0.0250559983
155,-0.0020361917
156,-2.3535350685
157,-0.0020361917
158,-2.3535350685
159,-0.0003623571
160,-0.5681464526
161,-5.6793914523
162,-0.0011139415
163,-0.0001981599
164,-0.5681464526
165,-0.0000159203
166,-5.6793914523
167,-0.0000159203
168,-0.0000159203
169,-0.0020361917
170,-0.0605790047
171,-0.0000895327
172,-0.0605790047
173,-5.6793914523
174,-0.0003623571
175,-2.3535350685
176,-0.0020361917
177,-0.0605790047
178,-0.0020361917
179,-0.0020361917
180,-0.5681464526
181,-0.0000895327
182,-0.0001981599
183,-0.0003623571
184,-0.0330522171
185,-0.0000895327
186,-0.0003623571
187,-3.1961809438
188,-5.6793914523
189,-5.6793914523
190,-0.0027396081
191,-0.0605790047
192,-0.0605790047
193,-0.0020361917
194,-3.1961809438
195,-3.1961809438
196,-0.0003623571
197,-5.6793914523
198,-0.0000895327
199,-0.0020361917
200,-0.0605790047
201,-3.1961809438
202,-3.1961809438
203,-3.1961809438
204,-5.6793914523
205,-0.0001981599
206,-0.0000159203
207,-0.0011139415
208,-0.0020361917
209,-2.3535350685
210,-2.3535350685
211,-2.3535350685
212,-0.5681464526
213,-2.3535350685
214,-2.3535350685
215,-0.0001981599
216,-3.9680186105
217,-0.0001981599
218,-0.0001981599
219,-0.0060537697
220,-0.0004876769
221,-0.0001981599
222,-0.0000159203
223,-0.0001981599
224,-0.0000159203
225,-5.6793914523
226,-0.0001981599
227,-0.0000159203
228,-0.0003623571
229,-0.0110432651
230,-0.0020361917
231,-0.0335795138
232,-0.0001981599
233,-0.0335795138
234,-0.0110432651
235,-0.0110432651
236,-5.6793914523
237,-2.3535350685
238,-0.0000895327
239,-2.3535350685
240,-0.0020361917
241,-0.0020361917
242,-3.9680186105
243,-3.9680186105
244,-5.6793914523
245,-0.0020361917
246,-0.0000895327
247,-0.0000159203
248,-0.0000895327
249,-0.0000159203
250,-0.0020361917
251,-0.0000895327
252,-0.0330522171
253,-0.5681464526
254,-0.0605790047
255,-5.6793914523
256,-5.6793914523
257,-0.0003623571
258,-3.1961809438
259,-5.6793914523
260,-5.6793914523
261,-5.6793914523
262,-0.0000895327
263,-5.6793914523
264,-0.0020361917
265,-0.0020361917
266,-3.1961809438
267,-1.6424232092
268,-5.6793914523
269,-5.6793914523
270,-5.6793914523
271,-0.0000895327
272,-0.0020361917
273,-0.0605790047
274,-0.0605790047
275,-0.0605790047
276,-0.0027396081
277,-5.6793914523
278,-5.6793914523
279,-5.6793914523
280,-0.0000159203
281,-0.0000159203
282,-0.0000159203
283,-0.0011139415
284,-0.0250559983
285,-5.6793914523
286,-0.0011139415
287,-0.5681464526
288,-0.0020361917
289,-0.0020361917
290,-0.0000895327
291,-0.0020361917
292,-0.0000895327
293,-0.5681464526
294,-0.0605790047
295,-0.0020361917
296,-0.0605790047
297,-0.5681464526
298,-0.0020361917
299,-0.0020361917
300,-0.0020361917
301,-0.0020361917
302,-3.1961809438
303,-5.6793914523
304,-5.6793914523
305,-0.0003623571
306,-0.0003623571
307,-5.6793914523
308,-0.0001981599
309,-2.6258920853
310,-0.0335795138
311,-5.6793914523
312,-5.6793914523
313,-0.0011139415
314,-0.0060537697
315,-3.9680186105
316,-3.9680186105
317,-0.0000159203
318,-0.0000159203
319,-0.0004876769
320,-1.6424232092
321,-5.6793914523
322,-0.0001981599
323,-5.6793914523
324,-0.0020361917
325,-0.0011139415
326,-0.0020361917
327,-5.6793914523
328,-0.5681464526
329,-0.0003623571
330,-5.6793914523
331,-0.0011139415
332,-0.0335795138
333,-0.0000895327
334,-0.0011139415
335,-0.0011139415
336,-0.0003623571
337,-0.0110432651
338,-0.0000159203
339,-0.0000159203
340,-0.0020361917
341,-0.0001981599
342,-5.6793914523
343,-0.0020361917
344,-0.0020361917
345,-3.1961809438
346,-3.1961809438
347,-5.6793914523
348,-5.6793914523
349,-0.0020361917
350,-0.0020361917
351,-0.0020361917
352,-0.0027396081
353,-2.3535350685
354,-5.6793914523
355,-5.6793914523
356,-3.9680186105
357,-0.0000159203
358,-0.0001981599
359,-0.0000895327
360,-5.6793914523
361,-0.0011139415
362,-0.3494676144
363,-2.3535350685
364,-2.3535350685
365,-0.3494676144
366,-0.3494676144
367,-5.6793914523
368,-5.6793914523
369,-0.0000159203
370,-0.0001981599
371,-0.0335795138
372,-0.0335795138
373,-0.0011139415
374,-0.0335795138
375,-0.0000895327
376,-5.6793914523
377,-0.0335795138
378,-0.0001981599
379,-0.0027396081
380,-0.0004876769
381,-0.5751532296
382,-0.0000159203
383,-0.0003623571
384,-5.6793914523
385,-0.0000159203
386,-0.0003623571
387,-0.0020361917
388,-0.0003623571
389,-0.0000159203
390,-0.0000159203
391,-0.0004876769
392,-5.6793914523
393,-5.6793914523
394,-0.0020361917
395,-0.0004876769
396,-0.0000159203
397,-0.0000159203
398,-5.6793914523
399,-0.0003623571
400,-5.6793914523
401,-5.6793914523
402,-5.6793914523
403,-5.6793914523
404,-5.6793914523
405,-5.6793914523
406,-5.6793914523
407,-5.6793914523
408,-5.6793914523
409,-5.6793914523
410,-5.6793914523
411,-5.6793914523
412,-5.6793914523
413,-5.6793914523
414,-5.6793914523
415,-0.0060537697
416,-0.0060537697
417,-5.6793914523
418,-0.0335795138
419,-0.0000159203
420,-0.0003623571
421,-0.0027396081
422,-0.0027396081
423,-5.6793914523
424,-0.0011139415
425,-0.0011139415
426,-0.0011139415
427,-0.0011139415
428,-5.6793914523
429,-0.0000159203
430,-0.0011139415
431,-0.5751532296
432,-0.0335795138
433,-0.0000895327
434,-0.0000159203
435,-0.0605790047
436,-3.9680186105
437,-5.6793914523
438,-0.0020361917
439,-0.0020361917
440,-0.0000895327
441,-0.0004876769
442,-0.0020361917
443,-5.6793914523
444,-0.0605790047
445,-0.0020361917
446,-5.6793914523
447,-5.6793914523
448,-5.6793914523
449,-3.1961809438
450,-0.5681464526
451,-0.0020361917
452,-0.0020361917
453,-2.3535350685
454,-0.0020361917
455,-3.1961809438
456,-3.9680186105
457,-3.9680186105
458,-0.0000895327
459,-0.0045013285
460,-0.0004876769
461,-0.0000895327
462,-0.0000895327
463,-0.0335795138
464,-0.0330522171
465,-0.0001981599
466,-5.6793914523
467,-5.6793914523
468,-0.0335795138
469,-0.0000159203
470,-0.0020361917
471,-0.0110432651
472,-0.0027396081
473,-0.0000159203
474,-0.0000159203
475,-0.0000159203
476,-0.0003623571
477,-0.0020361917
478,-0.0000159203
479,-0.0605790047
480,-0.0000895327
481,-2.3535350685
482,-0.0003623571
483,-0.0605790047
484,-0.0020361917
485,-0.1275334164
486,-0.0250559983
487,-0.0000895327
488,-0.0020361917
489,-5.6793914523
490,-5.6793914523
491,-5.6793914523
492,-0.0020361917
493,-5.6793914523
494,-0.0020361917
495,-5.6793914523
496,-0.5681464526
497,-5.6793914523
498,-5.6793914523
499,-3.1961809438
500,-0.0020361917
501,-0.0000895327
502,-0.0000159203
503,-0.0000159203
504,-0.0605790047
505,-0.0000159203
506,-2.6258920853
507,-0.0000159203
508,-0.0000159203
509,-0.0000159203
510,-3.1961809438
511,-5.6793914523
512,-0.0003623571
513,-1.6424232092
514,-0.0003623571
515,-5.6793914523
516,-0.1275334164
517,-0.0000159203
518,-0.0000159203
519,-2.3535350685
520,-0.5751532296
521,-5.6793914523
522,-5.6793914523
523,-5.6793914523
524,-5.6793914523
525,-5.6793914523
526,-5.6793914523
527,-5.6793914523
528,-5.6793914523
529,-5.6793914523
530,-5.6793914523
531,-2.3535350685
532,-5.6793914523
533,-5.6793914523
534,-2.3535350685
535,-5.6793914523
536,-5.6793914523
537,-5.6793914523
538,-5.6793914523
539,-3.9680186105
540,-0.0000159203
541,-5.6793914523
542,-0.0020361917
543,-5.6793914523
544,-5.6793914523
545,-0.0020361917
546,-0.0020361917
547,-0.0020361917
548,-5.6793914523
549,-3.1961809438
550,-0.5681464526
551,-3.1961809438
552,-0.0003623571
553,-0.0020361917
554,-0.5681464526
555,-2.3535350685
556,-0.5681464526
557,-5.6793914523
558,-0.0020361917
559,-0.0020361917
560,-0.5681464526
561,-2.3535350685
562,-0.0020361917
563,-0.0020361917
564,-5.6793914523
565,-0.0605790047
566,-5.6793914523
567,-0.0000159203
568,-3.9680186105
569,-5.6793914523
570,-0.0000159203
571,-0.0605790047
572,-5.6793914523
573,-5.6793914523
574,-5.6793914523
575,-0.5751532296
576,-0.0000895327
577,-5.6793914523
578,-5.6793914523
579,-0.0605790047
580,-5.6793914523
581,-0.0605790047
582,-3.1961809438
583,-0.0605790047
584,-0.0020361917
585,-0.0335795138
586,-5.6793914523
587,-5.6793914523
588,-5.6793914523
589,-0.0000159203
590,-0.0000159203
591,-0.0001981599
592,-0.0000895327
593,-0.0000895327
594,-5.6793914523
595,-0.0000159203
596,-0.0000895327
597,-0.0004876769
598,-0.0000159203
599,-0.0020361917
600,-0.0000159203
601,-3.1961809438
602,-0.1294739879
603,-5.6793914523
604,-0.0020361917
605,-0.5681464526
606,-2.3535350685
607,-5.6793914523
608,-5.6793914523
609,-0.0020361917
610,-0.0000159203
611,-0.5681464526
612,-0.0045013285
613,-0.0020361917
614,-0.0020361917
615,-0.0003623571
616,-5.6793914523
617,-0.0020361917
618,-3.1961809438
619,-0.5681464526
620,-0.0020361917
621,-2.3535350685
622,-3.1961809438
623,-0.5681464526
624,-0.0020361917
625,-0.0605790047
626,-5.6793914523
627,-5.6793914523
628,-3.1961809438
629,-3.1961809438
630,-5.6793914523
631,-5.6793914523
632,-5.6793914523
633,-3.1961809438
634,-5.6793914523
635,-0.0605790047
636,-3.1961809438
637,-5.6793914523
638,-3.1961809438
639,-0.5751532296
640,-0.0020361917
641,-0.5681464526
642,-5.6793914523
643,-5.6793914523
644,-3.9680186105
645,-0.0000159203
646,-0.0003623571
647,-5.6793914523
648,-0.0001981599
649,-0.0335795138
650,-0.0000159203
651,-0.0335795138
652,-5.6793914523
653,-0.0000159203
654,-0.0335795138
655,-0.0000159203
656,-2.3535350685
657,-2.3535350685
658,-0.0027396081
659,-0.0335795138
660,-0.0011139415
661,-2.6258920853
662,-3.9680186105
663,-0.0001981599
664,-0.0000895327
665,-0.0110432651
666,-3.9680186105
667,-5.6793914523
668,-0.0027396081
669,-0.0000895327
670,-0.0335795138
671,-0.0027396081
672,-0.0335795138
673,-0.0605790047
674,-1.6424232092
675,-0.0003623571
676,-5.6793914523
677,-0.0000159203
678,-0.0027396081
679,-0.0004876769
680,-0.0003623571
681,-0.0250559983
682,-0.0000895327
683,-0.0001981599
684,-5.6793914523
685,-5.6793914523
686,-0.0335795138
687,-5.6793914523
688,-0.0020361917
689,-0.0000895327
690,-0.5681464526
691,-0.0020361917
692,-0.0020361917
693,-5.6793914523
694,-0.0000159203
695,-0.0000159203
696,-0.0000159203
697,-0.0000159203
698,-0.0000159203
699,-0.0020361917
700,-5.6793914523
701,-0.0000159203
702,-0.0000159203
703,-0.0003623571
704,-5.6793914523
705,-0.0250559983
706,-0.0000159203
707,-0.0001981599
708,-0.0001981599
709,-0.1294739879
710,-0.0060537697
711,-0.0250559983
712,-0.1294739879
713,-0.0605790047
714,-0.0001981599
715,-0.0004876769
716,-0.0000895327
717,-2.3535350685
718,-5.6793914523
719,-5.6793914523
720,-5.6793914523
721,-5.6793914523
722,-3.1961809438
723,-5.6793914523
724,-5.6793914523
725,-5.6793914523
726,-5.6793914523
727,-5.6793914523
728,-0.0045013285
729,-3.9680186105
730,-2.3535350685
731,-5.6793914523
732,-0.0000895327
733,-0.0335795138
734,-0.0045013285
735,-0.5751532296
736,-0.0020361917
737,-0.0335795138
738,-0.0000895327
739,-0.0000895327
740,-0.5681464526
741,-0.0000895327
742,-0.0000895327
743,-0.0000895327
744,-0.0335795138
745,-0.0000895327
746,-0.0027396081
747,-5.6793914523
748,-0.5751532296
749,-0.0045013285
750,-0.0027396081
751,-0.5681464526
752,-0.0000895327
753,-0.0000159203
754,-0.0330522171
755,-0.0004876769
756,-0.5681464526
757,-0.0110432651
758,-0.0335795138
759,-0.0335795138
760,-3.1961809438
761,-5.6793914523
762,-0.0001981599
763,-0.0011139415
764,-0.0001981599
765,-5.6793914523
766,-0.0000159203
767,-0.0001981599
768,-0.0011139415
769,-0.0717435968
770,-0.3494676144
771,-0.0605790047
772,-0.0250559983
773,-0.0020361917
774,-0.5681464526
775,-0.0020361917
776,-0.0020361917
777,-0.0059574156
778,-0.5681464526
779,-0.0000159203
780,-0.5681464526
781,-0.0020361917
782,-3.9680186105
783,-0.0003623571
784,-0.0000159203
785,-0.0003623571
786,-0.0000159203
787,-0.0020361917
788,-5.6793914523
789,-0.5751532296
790,-0.0000895327
791,-0.0605790047
792,-0.0000895327
793,-0.0605790047
794,-0.0020361917
795,-5.6793914523
796,-0.5751532296
797,-0.0045013285
798,-0.7078518679
799,-0.0605790047
800,-0.0011139415
801,-0.0250559983
802,-5.6793914523
803,-5.6793914523
804,-5.6793914523
805,-5.6793914523
806,-0.0000895327
807,-0.0001981599
808,-0.0027396081
809,-2.6258920853
810,-5.6793914523
811,-0.0000895327
812,-5.6793914523
813,-0.0605790047
814,-0.0335795138
815,-5.6793914523
816,-0.0605790047
817,-0.0020361917
818,-3.1961809438
819,-5.6793914523
820,-0.0001981599
821,-3.9680186105
822,-0.0020361917
823,-0.0000159203
824,-3.9680186105
825,-0.0000895327
826,-0.0000159203
827,-0.0000895327
828,-0.0004876769
829,-0.0003623571
830,-0.0001981599
831,-0.0011139415
832,-5.6793914523
833,-0.7078518679
834,-0.5681464526
835,-0.0004876769
836,-0.0000159203
837,-0.0605790047
838,-5.6793914523
839,-0.0605790047
840,-0.5681464526
841,-0.0000895327
842,-0.0000895327
843,-0.0020361917
844,-0.0003623571
845,-0.0000159203
846,-5.6793914523
847,-0.5681464526
848,-0.5681464526
849,-0.0020361917
850,-0.0000159203
851,-5.6793914523
852,-0.0335795138
853,-0.0000895327
854,-3.1961809438
855,-2.3535350685
856,-0.0020361917
857,-0.0020361917
858,-0.0330522171
859,-5.6793914523
860,-0.0011139415
861,-0.5751532296
862,-0.0335795138
863,-0.7078518679
864,-3.9680186105
865,-3.1961809438
866,-0.0011139415
867,-0.0335795138
868,-0.0000159203
869,-0.0011139415
870,-0.0011139415
871,-0.0000895327
872,-0.0000895327
873,-3.9680186105
874,-0.0000159203
875,-0.0020361917
876,-0.0003623571
877,-0.0000895327
878,-0.0000895327
879,-0.0020361917
880,-3.1961809438
881,-5.6793914523
882,-0.0020361917
883,-3.1961809438
884,-0.5681464526
885,-0.0000895327
886,-0.0020361917
887,-0.0000895327
888,-0.0000895327
889,-0.5681464526
890,-0.0020361917
891,-5.6793914523
892,-0.0020361917
893,-0.0000895327
894,-0.0020361917
895,-5.6793914523
896,-0.0000895327
897,-0.0020361917
898,-0.5681464526
899,-0.0020361917
900,-0.0020361917
901,-0.0020361917
902,-0.3494676144
903,-0.0020361917
904,-0.0020361917
905,-0.0020361917
906,-0.0020361917
907,-0.5681464526
908,-5.6793914523
909,-0.0000159203
910,-0.0000159203
911,-0.0000159203
912,-0.0000159203
913,-5.6793914523
914,-0.0020361917
915,-0.0003623571
916,-0.0003623571
917,-0.5681464526
918,-0.0020361917
919,-5.6793914523
920,-0.0605790047
921,-2.3535350685
922,-0.5681464526
923,-5.6793914523
924,-5.6793914523
925,-5.6793914523
926,-5.6793914523
927,-3.1961809438
928,-3.1961809438
929,-5.6793914523
930,-3.1961809438
931,-5.6793914523
932,-0.0020361917
933,-0.5681464526
934,-0.0020361917
935,-0.0020361917
936,-0.0020361917
937,-5.6793914523
938,-3.1961809438
939,-5.6793914523
940,-3.9680186105
941,-0.0003623571
942,-0.0003623571
943,-0.0110432651
944,-0.0110432651
945,-3.9680186105
946,-0.1275334164
947,-5.6793914523
948,-0.0335795138
949,-0.0000895327
950,-0.0027396081
951,-0.0000895327
952,-0.0000895327
953,-0.0027396081
954,-0.0027396081
955,-5.6793914523
956,-5.6793914523
957,-5.6793914523
958,-5.6793914523
959,-0.5751532296
960,-0.0605790047
961,-5.6793914523
962,-0.0000895327
963,-0.0250559983
964,-0.0335795138
965,-0.0000895327
966,-0.0335795138
967,-0.0000159203
968,-0.0011139415
969,-5.6793914523
970,-0.0045013285
971,-0.0000159203
972,-0.0000159203
973,-5.6793914523
974,-0.0020361917
975,-0.0011139415
976,-0.0003623571
977,-0.0020361917
978,-0.0605790047
979,-5.6793914523
980,-5.6793914523
981,-0.0020361917
982,-0.0011139415
983,-0.0020361917
984,-0.0020361917
985,-0.0000895327
986,-0.0000895327
987,-0.0000895327
988,-5.6793914523
989,-5.6793914523
990,-0.0020361917
991,-0.0000895327
992,-0.0000895327
993,-0.0335795138
994,-1.1875274569
995,-0.0000159203
996,-0.0110432651
997,-3.1961809438
998,-0.0020361917
999,-0.0027396081
1000,-0.0605790047
1001,-0.0020361917
1002,-0.0020361917
1003,-0.0027396081
1004,-0.0004876769
1005,-0.0011139415
1006,-0.0000159203
1007,-0.0000159203
1008,-0.0000159203
1009,-5.6793914523
1010,-0.0020361917
1011,-0.0020361917
1012,-0.0003623571
1013,-3.1961809438
1014,-0.5681464526
1015,-0.0020361917
1016,-0.0020361917
1017,-0.0020361917
1018,-0.0000895327
1019,-0.0020361917
1020,-0.0605790047
1021,-0.5681464526
1022,-0.0020361917
1023,-0.0020361917
1024,-5.6793914523
1025,-0.0020361917
1026,-0.0020361917
1027,-0.0000895327
1028,-0.5681464526
1029,-0.0020361917
1030,-0.0020361917
1031,-0.0000895327
1032,-0.0020361917
1033,-0.0020361917
1034,-0.0000895327
1035,-0.0020361917
1036,-0.0605790047
1037,-3.9680186105
1038,-5.6793914523
1039,-0.0003623571
1040,-0.0000895327
1041,-0.0605790047
1042,-0.0605790047
1043,-5.6793914523
1044,-5.6793914523
1045,-0.1275334164
1046,-0.1294739879
1047,-5.6793914523
1048,-0.0001981599
1049,-0.0011139415
1050,-0.0011139415
1051,-0.0335795138
1052,-0.0000159203
1053,-0.0000159203
1054,-0.0000895327
1055,-0.0011139415
1056,-0.0004876769
1057,-0.0027396081
1058,-0.0045013285
1059,-0.0000159203
1060,-0.0000159203
1061,-0.0003623571
1062,-3.9680186105
1063,-5.6793914523
1064,-0.0000159203
1065,-0.0000895327
1066,-0.0011139415
1067,-0.0011139415
1068,-5.6793914523
1069,-0.0011139415
1070,-0.0000159203
1071,-0.0020361917
1072,-1.1875274569
1073,-0.0000159203
1074,-0.0003623571
1075,-0.0020361917
1076,-0.0003623571
1077,-0.0000895327
1078,-0.0020361917
1079,-0.0020361917
1080,-0.0000895327
1081,-0.0020361917
1082,-0.5681464526
1083,-2.3535350685
1084,-0.0020361917
1085,-0.0605790047
1086,-0.0000895327
1087,-0.0020361917
1088,-0.0000895327
1089,-5.6793914523
1090,-5.6793914523
1091,-0.0001981599
1092,-0.0060537697
1093,-0.0011139415
1094,-5.6793914523
1095,-0.0000895327
1096,-0.0000895327
1097,-0.0020361917
1098,-0.0027396081
1099,-0.0020361917
1100,-0.0605790047
1101,-0.0000895327
1102,-0.0000159203
1103,-0.0027396081
1104,-0.0000895327
1105,-0.0000895327
1106,-5.6793914523
1107,-5.6793914523
1108,-0.0717435968
1109,-5.6793914523
1110,-0.0000895327
1111,-0.0000159203
1112,-0.0020361917
1113,-0.0020361917
1114,-0.0003623571
1115,-0.0020361917
1116,-0.0003623571
1117,-0.5751532296
1118,-0.0020361917
1119,-0.0020361917
1120,-3.1961809438
1121,-3.1961809438
1122,-0.0605790047
1123,-0.0020361917
1124,-0.5681464526
1125,-0.0110432651
1126,-0.0000159203
1127,-3.1961809438
1128,-5.6793914523
1129,-0.0020361917
1130,-0.0335795138
1131,-5.6793914523
1132,-0.0605790047
1133,-0.0020361917
1134,-0.0020361917
1135,-0.0605790047
1136,-5.6793914523
1137,-0.9907395935
1138,-5.6793914523
1139,-0.0000159203
1140,-5.6793914523
1141,-0.0020361917
1142,-0.0003623571
1143,-5.6793914523
1144,-5.6793914523
1145,-5.6793914523
1146,-0.0000159203
1147,-0.0001981599
1148,-0.0045013285
1149,-5.6793914523
1150,-0.0001981599
1151,-0.0011139415
1152,-0.0250559983
1153,-0.0011139415
1154,-0.0000895327
1155,-0.0000895327
1156,-0.0011139415
1157,-2.6258920853
1158,-0.0011139415
1159,-0.0011139415
1160,-0.0000159203
1161,-5.6793914523
1162,-5.6793914523
1163,-0.0001981599
1164,-0.0011139415
1165,-3.9680186105
1166,-5.6793914523
1167,-5.6793914523
1168,-0.0003623571
1169,-0.0000895327
1170,-0.5751532296
1171,-0.0250559983
1172,-0.5681464526
1173,-0.0020361917
1174,-5.6793914523
1175,-5.6793914523
1176,-0.5751532296
1177,-0.0000895327
1178,-0.0027396081
1179,-0.0027396081
1180,-5.6793914523
1181,-0.0011139415
1182,-2.6258920853
1183,-0.0001981599
1184,-0.0001981599
1185,-0.0335795138
1186,-0.0011139415
1187,-0.0011139415
1188,-0.0011139415
1189,-0.0335795138
1190,-0.0335795138
1191,-0.0335795138
1192,-0.0000159203
1193,-0.0000895327
1194,-0.0020361917
1195,-0.0000159203
1196,-5.6793914523
1197,-5.6793914523
1198,-0.0001981599
1199,-0.0045013285
1200,-5.6793914523
1201,-0.0000159203
1202,-0.0000159203
1203,-0.0000895327
1204,-0.0000895327
1205,-0.0004876769
1206,-0.0027396081
1207,-2.6258920853
1208,-0.0011139415
1209,-0.0000159203
1210,-0.0011139415
1211,-0.0011139415
1212,-0.0335795138
1213,-0.0045013285
1214,-0.0000159203
1215,-0.0000159203
1216,-5.6793914523
1217,-5.6793914523
1218,-5.6793914523
1219,-5.6793914523
1220,-5.6793914523
1221,-5.6793914523
1222,-5.6793914523
1223,-5.6793914523
1224,-5.6793914523
1225,-5.6793914523
1226,-0.0020361917
1227,-3.9680186105
1228,-5.6793914523
1229,-2.6258920853
1230,-0.0000159203
1231,-0.0000895327
1232,-0.5751532296
1233,-0.0000159203
1234,-0.0000159203
1235,-0.5751532296
1236,-0.0605790047
1237,-0.5751532296
1238,-3.9680186105
1239,-0.0011139415
1240,-0.0335795138
1241,-5.6793914523
1242,-0.0011139415
1243,-0.0011139415
1244,-0.0011139415
1245,-0.0000159203
1246,-0.0335795138
1247,-0.0011139415
1248,-0.0011139415
1249,-0.0000895327
1250,-0.0335795138
1251,-0.0011139415
1252,-0.0335795138
1253,-0.0001981599
1254,-0.0000159203
1255,-0.0000159203
1256,-0.0335795138
1257,-0.0027396081
1258,-0.0605790047
1259,-0.0001981599
1260,-3.9680186105
1261,-5.6793914523
1262,-0.0020361917
1263,-0.0000895327
1264,-0.0000159203
1265,-0.0330522171
1266,-5.6793914523
1267,-0.0020361917
1268,-0.0605790047
1269,-0.5681464526
1270,-0.0020361917
1271,-0.0003623571
1272,-0.0605790047
1273,-5.6793914523
1274,-0.0605790047
1275,-5.6793914523
1276,-5.6793914523
1277,-0.0335795138
1278,-0.0011139415
1279,-0.0027396081
1280,-2.3535350685
1281,-5.6793914523
1282,-0.0011139415
1283,-0.0335795138
1284,-0.0011139415
1285,-0.0335795138
1286,-2.6258920853
1287,-0.0000895327
1288,-0.0000159203
1289,-0.0000895327
1290,-0.0000895327
1291,-0.0000895327
1292,-0.0000895327
1293,-0.0011139415
1294,-0.0020361917
1295,-5.6793914523
1296,-0.0020361917
1297,-0.0003623571
1298,-0.0003623571
1299,-0.0003623571
1300,-1.6424232092
1301,-0.0020361917
1302,-3.9680186105
1303,-3.9680186105
1304,-0.0004876769
1305,-0.0020361917
1306,-0.0001981599
1307,-0.0011139415
1308,-0.0250559983
1309,-0.0250559983
1310,-0.0000895327
1311,-0.0250559983
1312,-5.6793914523
1313,-0.0020361917
1314,-5.6793914523
1315,-0.0000159203
1316,-0.5751532296
1317,-5.6793914523
1318,-0.0000895327
1319,-0.0335795138
1320,-0.0335795138
1321,-0.0605790047
1322,-0.5751532296
1323,-5.6793914523
1324,-0.0020361917
1325,-0.0020361917
1326,-0.5681464526
1327,-0.0011139415
1328,-2.3535350685
1329,-2.3535350685
1330,-5.6793914523
1331,-0.0335795138
1332,-0.0000895327
1333,-0.0011139415
1334,-0.0011139415
1335,-0.0335795138
1336,-0.0011139415
1337,-0.0011139415
1338,-0.0335795138
1339,-0.0335795138
1340,-0.0027396081
1341,-5.6793914523
1342,-0.0003623571
1343,-0.5751532296
1344,-0.0020361917
1345,-0.0605790047
1346,-5.6793914523
1347,-0.1294739879
1348,-0.0011139415
1349,-0.0020361917
1350,-5.6793914523
1351,-0.0250559983
1352,-5.6793914523
1353,-0.0000895327
1354,-5.6793914523
1355,-0.0000895327
1356,-0.0020361917
1357,-0.5681464526
1358,-0.5681464526
1359,-0.0020361917
1360,-5.6793914523
1361,-0.0020361917
1362,-0.0000895327
1363,-0.0000895327
1364,-0.0020361917
1365,-3.1961809438
1366,-0.0000895327
1367,-0.0020361917
1368,-5.6793914523
1369,-5.6793914523
1370,-0.0335795138
1371,-0.0605790047
1372,-0.0020361917
1373,-0.0020361917
1374,-0.0000895327
1375,-0.0000895327
1376,-0.0000895327
1377,-0.0000159203
1378,-0.0000159203
1379,-0.0001981599
1380,-0.0000159203
1381,-0.0003623571
1382,-0.0003623571
1383,-0.0020361917
1384,-0.0003623571
1385,-0.5681464526
1386,-0.0003623571
1387,-0.0020361917
1388,-0.0020361917
1389,-0.5681464526
1390,-0.0000895327
1391,-0.0020361917
1392,-0.0003623571
1393,-5.6793914523
1394,-0.0000159203
1395,-0.7078518679
1396,-0.0003623571
1397,-0.0003623571
1398,-3.9680186105
1399,-3.9680186105
1400,-0.0020361917
1401,-0.5751532296
1402,-0.0020361917
1403,-0.0020361917
1404,-3.1961809438
1405,-0.5751532296
1406,-0.0003623571
1407,-0.0335795138
1408,-3.1961809438
1409,-5.6793914523
1410,-0.5751532296
1411,-0.0605790047
1412,-0.0001981599
1413,-0.0000895327
1414,-0.0020361917
1415,-5.6793914523
1416,-0.0020361917
1417,-0.0000159203
1418,-0.0011139415
1419,-0.0335795138
1420,-0.0000159203
1421,-0.0605790047
1422,-0.0020361917
1423,-5.6793914523
1424,-0.0000159203
1425,-0.0000159203
1426,-0.0011139415
1427,-0.0335795138
1428,-0.0001981599
1429,-5.6793914523
1430,-5.6793914523
1431,-5.6793914523
1432,-2.6258920853
1433,-0.0011139415
1434,-2.6258920853
1435,-0.0000159203
1436,-0.0250559983
1437,-0.0011139415
1438,-0.5751532296
1439,-0.0000895327
1440,-0.0001981599
1441,-0.0001981599
1442,-0.0000159203
1443,-5.6793914523
1444,-0.0000159203
1445,-0.0020361917
1446,-0.0020361917
1447,-0.0020361917
1448,-0.5751532296
1449,-0.5751532296
1450,-0.0020361917
1451,-0.0605790047
1452,-5.6793914523
1453,-0.0020361917
1454,-0.0605790047
1455,-0.0000895327
1456,-0.0000895327
1457,-0.0020361917
1458,-0.0020361917
1459,-0.0027396081
1460,-0.0000895327
1461,-0.1294739879
1462,-0.0000159203
1463,-0.0020361917
1464,-0.0003623571
1465,-0.0003623571
1466,-0.0110432651
1467,-1.6424232092
1468,-5.6793914523
1469,-5.6793914523
1470,-5.6793914523
1471,-5.6793914523
1472,-0.1294739879
1473,-0.0000159203
1474,-0.0020361917
1475,-0.0003623571
1476,-0.0003623571
1477,-0.0110432651
1478,-1.6424232092
1479,-5.6793914523
1480,-5.6793914523
1481,-5.6793914523
1482,-5.6793914523
1483,-5.6793914523
1484,-0.0060537697
1485,-0.0000895327
1486,-0.0000159203
1487,-0.0011139415
1488,-0.0335795138
1489,-5.6793914523
1490,-0.0004876769
1491,-0.0027396081
1492,-0.0000895327
1493,-0.0000895327
1494,-0.0027396081
1495,-5.6793914523
1496,-0.0000159203
1497,-0.0011139415
1498,-0.0335795138
1499,-0.0335795138
1500,-0.0000895327
1501,-0.0000159203
1502,-0.0011139415
1503,-0.0011139415
1504,-0.0000895327
1505,-0.0011139415
1506,-0.0335795138
1507,-0.0004876769
1508,-0.0027396081
1509,-5.6793914523
1510,-0.0000159203
1511,-3.9680186105
1512,-0.0110432651
1513,-0.0000159203
1514,-0.0000159203
1515,-0.0000159203
1516,-0.0003623571
1517,-0.0003623571
1518,-0.0000895327
1519,-5.6793914523
1520,-0.5751532296
1521,-0.0001981599
1522,-0.0000895327
1523,-1.6424232092
1524,-0.0250559983
1525,-0.0045013285
1526,-5.6793914523
1527,-0.0011139415
1528,-0.0000895327
1529,-0.0020361917
1530,-0.0011139415
1531,-0.0250559983
1532,-0.0250559983
1533,-0.0003623571
1534,-0.0250559983
1535,-0.0250559983
1536,-2.3535350685
1537,-0.0000895327
1538,-0.0020361917
1539,-0.0250559983
1540,-5.6793914523
1541,-5.6793914523
1542,-0.0011139415
1543,-0.0000159203
1544,-0.0011139415
1545,-0.0011139415
1546,-0.0011139415
1547,-0.0020361917
1548,-0.0335795138
1549,-0.0000159203
1550,-5.6793914523
1551,-0.0335795138
1552,-0.0000895327
1553,-5.6793914523
1554,-0.0011139415
1555,-0.0000159203
1556,-5.6793914523
1557,-0.0001981599
1558,-0.0000159203
1559,-0.0335795138
1560,-5.6793914523
1561,-5.6793914523
1562,-0.0003623571
1563,-0.5751532296
1564,-0.0020361917
1565,-5.6793914523
1566,-0.0020361917
1567,-0.0020361917
1568,-5.6793914523
1569,-0.0000895327
1570,-0.0020361917
1571,-0.0003623571
1572,-3.1961809438
1573,-0.0020361917
1574,-0.0027396081
1575,-5.6793914523
1576,-2.3535350685
1577,-0.0000895327
1578,-5.6793914523
1579,-0.0605790047
1580,-0.0000895327
1581,-0.0000895327
1582,-0.0020361917
1583,-0.0004876769
1584,-0.0020361917
1585,-0.0011139415
1586,-0.0000895327
1587,-0.0000895327
1588,-0.0020361917
1589,-0.0020361917
1590,-0.5751532296
1591,-5.6793914523
1592,-5.6793914523
1593,-0.0000159203
1594,-0.0011139415
1595,-0.0335795138
1596,-0.3494676144
1597,-0.0000895327
1598,-5.6793914523
1599,-0.0020361917
1600,-0.0000159203
1601,-0.0020361917
1602,-0.0000159203
1603,-0.5681464526
1604,-5.6793914523
1605,-0.0020361917
1606,-0.0003623571
1607,-0.0605790047
1608,-3.1961809438
1609,-0.0020361917
1610,-0.0020361917
1611,-5.6793914523
1612,-0.0605790047
1613,-3.9680186105
1614,-5.6793914523
1615,-0.0000159203
1616,-0.0335795138
1617,-0.0001981599
1618,-0.0335795138
1619,-0.0011139415
1620,-0.0000159203
1621,-0.0027396081
1622,-2.6258920853
1623,-0.0027396081
1624,-0.5751532296
1625,-0.0011139415
1626,-0.0335795138
1627,-0.0027396081
1628,-0.0000895327
1629,-0.0020361917
1630,-5.6793914523
1631,-5.6793914523
1632,-0.0003623571
1633,-0.5751532296
1634,-5.6793914523
1635,-0.0110432651
1636,-0.0605790047
1637,-3.1961809438
1638,-3.1961809438
1639,-0.0020361917
1640,-0.0605790047
1641,-3.1961809438
1642,-0.0605790047
1643,-5.6793914523
1644,-5.6793914523
1645,-0.0605790047
1646,-0.0020361917
1647,-3.1961809438
1648,-0.5681464526
1649,-0.5681464526
1650,-5.6793914523
1651,-3.1961809438
1652,-5.6793914523
1653,-3.1961809438
1654,-0.0020361917
1655,-0.5681464526
1656,-2.3535350685
1657,-3.1961809438
1658,-3.1961809438
1659,-0.0020361917
1660,-5.6793914523
1661,-5.6793914523
1662,-0.0011139415
1663,-0.0011139415
1664,-0.0001981599
1665,-5.6793914523
1666,-0.0000895327
1667,-0.0011139415
1668,-2.6258920853
1669,-0.5751532296
1670,-0.0000895327
1671,-0.0001981599
1672,-0.0335795138
1673,-2.6258920853
1674,-5.6793914523
1675,-5.6793914523
1676,-2.3535350685
1677,-0.0250559983
1678,-0.5751532296
1679,-0.0003623571
1680,-5.6793914523
1681,-0.0335795138
1682,-0.5751532296
1683,-0.0011139415
1684,-0.0335795138
1685,-0.0335795138
1686,-2.6258920853
1687,-0.0000159203
1688,-0.0000159203
1689,-0.0011139415
1690,-0.0011139415
1691,-0.0335795138
1692,-0.0011139415
1693,-5.6793914523
1694,-5.6793914523
1695,-5.6793914523
1696,-5.6793914523
1697,-5.6793914523
1698,-3.9680186105
1699,-0.0000159203
1700,-0.0000159203
1701,-0.0003623571
1702,-0.0000159203
1703,-5.6793914523
1704,-3.1961809438
1705,-5.6793914523
1706,-0.0000895327
1707,-0.0000159203
1708,-0.5681464526
1709,-0.0250559983
1710,-0.5681464526
1711,-0.0020361917
1712,-5.6793914523
1713,-5.6793914523
1714,-0.0003623571
1715,-0.0000159203
1716,-5.6793914523
1717,-0.0004876769
1718,-0.0335795138
1719,-0.0045013285
1720,-5.6793914523
1721,-0.5751532296
1722,-0.0605790047
1723,-0.0000895327
1724,-0.0000159203
1725,-0.0000895327
1726,-0.0000895327
1727,-0.0020361917
1728,-0.0027396081
1729,-0.0000895327
1730,-0.3494676144
1731,-3.9680186105
1732,-0.0020361917
1733,-0.0250559983
1734,-0.0020361917
1735,-0.0020361917
1736,-0.0110432651
1737,-0.0020361917
1738,-0.5681464526
1739,-0.0605790047
1740,-0.0020361917
1741,-0.0003623571
1742,-3.9680186105
1743,-0.0011139415
1744,-0.0000159203
1745,-0.0027396081
1746,-0.0060537697
1747,-0.0000895327
1748,-0.0335795138
1749,-0.0011139415
1750,-0.0335795138
1751,-0.0011139415
1752,-0.0335795138
1753,-0.0011139415
1754,-0.0335795138
1755,-5.6793914523
1756,-5.6793914523
1757,-0.0001981599
1758,-0.0000159203
1759,-0.0027396081
1760,-0.0020361917
1761,-0.0250559983
1762,-0.0011139415
1763,-0.0011139415
1764,-0.0001981599
1765,-2.6258920853
1766,-0.0011139415
1767,-0.5751532296
1768,-0.0000895327
1769,-0.0027396081
1770,-0.0011139415
1771,-5.6793914523
1772,-0.0003623571
1773,-0.0020361917
1774,-0.0020361917
1775,-5.6793914523
1776,-3.1961809438
1777,-0.0000159203
1778,-5.6793914523
1779,-0.0000895327
1780,-0.0020361917
1781,-0.0003623571
1782,-0.0020361917
1783,-5.6793914523
1784,-3.9680186105
1785,-0.0000159203
1786,-0.0000159203
1787,-0.0110432651
1788,-0.0000159203
1789,-0.0027396081
1790,-0.0020361917
1791,-0.0020361917
1792,-0.0020361917
1793,-0.0020361917
1794,-0.0020361917
1795,-0.5681464526
1796,-0.0020361917
1797,-0.0000895327
1798,-5.6793914523
1799,-0.0000159203
1800,-0.0020361917
1801,-0.0000159203
1802,-5.6793914523
1803,-2.6258920853
1804,-5.6793914523
1805,-0.3494676144
1806,-5.6793914523
1807,-5.6793914523
1808,-0.1294739879
1809,-3.9680186105
1810,-0.0605790047
1811,-5.6793914523
1812,-0.0060537697
1813,-0.0335795138
1814,-0.0011139415
1815,-5.6793914523
1816,-0.0027396081
1817,-0.0000895327
1818,-0.0000159203
1819,-0.0011139415
1820,-0.0335795138
1821,-0.0000159203
1822,-0.0011139415
1823,-0.0011139415
1824,-0.0011139415
1825,-0.5751532296
1826,-0.0000159203
1827,-0.0020361917
1828,-0.0000895327
1829,-0.0020361917
1830,-0.0020361917
1831,-0.0020361917
1832,-0.0000159203
1833,-0.0020361917
1834,-0.0000159203
1835,-0.0000895327
1836,-0.0605790047
1837,-5.6793914523
1838,-5.6793914523
1839,-5.6793914523
1840,-0.0330522171
1841,-0.0000159203
1842,-3.1961809438
1843,-0.0000159203
1844,-0.0000159203
1845,-5.6793914523
1846,-0.0000159203
1847,-0.0003623571
1848,-0.0003623571
1849,-0.0000159203
1850,-0.0000159203
1851,-0.0250559983
1852,-0.0110432651
1853,-0.0020361917
1854,-5.6793914523
1855,-0.0000159203
1856,-0.0004876769
1857,-0.7078518679
1858,-0.0000159203
1859,-0.0000159203
1860,-0.0020361917
1861,-5.6793914523
1862,-5.6793914523
1863,-5.6793914523
1864,-5.6793914523
1865,-5.6793914523
1866,-5.6793914523
1867,-5.6793914523
1868,-5.6793914523
1869,-5.6793914523
1870,-0.0001981599
1871,-0.0000159203
1872,-0.0027396081
1873,-0.0000895327
1874,-0.0605790047
1875,-0.0003623571
1876,-3.9680186105
1877,-5.6793914523
1878,-0.0110432651
1879,-0.0020361917
1880,-5.6793914523
1881,-3.1961809438
1882,-0.0020361917
1883,-0.0605790047
1884,-5.6793914523
1885,-0.0250559983
1886,-5.6793914523
1887,-0.0000159203
1888,-0.0011139415
1889,-0.0000895327
1890,-0.0250559983
1891,-5.6793914523
1892,-5.6793914523
1893,-0.0027396081
1894,-0.0011139415
1895,-0.0011139415
1896,-0.0000895327
1897,-0.0011139415
1898,-0.0000895327
1899,-0.0060537697
1900,-0.0335795138
1901,-0.0011139415
1902,-0.0330522171
1903,-0.0027396081
1904,-5.6793914523
1905,-5.6793914523
1906,-5.6793914523
1907,-5.6793914523
1908,-5.6793914523
1909,-5.6793914523
1910,-0.5681464526
1911,-0.5681464526
1912,-0.0020361917
1913,-0.1275334164
1914,-0.0605790047
1915,-0.0020361917
1916,-0.0020361917
1917,-0.5681464526
1918,-3.1961809438
1919,-0.0020361917
1920,-3.1961809438
1921,-0.0020361917
1922,-3.9680186105
1923,-0.0000159203
1924,-5.6793914523
1925,-0.0335795138
1926,-0.0011139415
1927,-2.6258920853
1928,-5.6793914523
1929,-0.0001981599
1930,-5.6793914523
1931,-0.0000895327
1932,-2.3535350685
1933,-0.0000159203
1934,-5.6793914523
1935,-0.0250559983
1936,-0.0605790047
1937,-5.6793914523
1938,-0.0011139415
1939,-0.0011139415
1940,-0.0011139415
1941,-0.0250559983
1942,-5.6793914523
1943,-0.0011139415
1944,-0.0011139415
1945,-0.0011139415
1946,-0.0335795138
1947,-0.0250559983
1948,-5.6793914523
1949,-0.0335795138
1950,-2.3535350685
1951,-0.0011139415
1952,-2.6258920853
1953,-2.3535350685
1954,-0.0011139415
1955,-5.6793914523
1956,-5.6793914523
1957,-5.6793914523
1958,-5.6793914523
1959,-5.6793914523
1960,-5.6793914523
1961,-0.9907395935
1962,-5.6793914523
1963,-5.6793914523
1964,-5.6793914523
1965,-5.6793914523
1966,-5.6793914523
1967,-5.6793914523
1968,-5.6793914523
1969,-5.6793914523
1970,-5.6793914523
1971,-5.6793914523
1972,-5.6793914523
1973,-5.6793914523
1974,-5.6793914523
1975,-5.6793914523
1976,-5.6793914523
1977,-3.9680186105
1978,-3.9680186105
1979,-0.0000159203
1980,-0.0000895327
1981,-0.0000159203
1982,-0.0011139415
1983,-0.0000895327
1984,-0.0011139415
1985,-2.6258920853
1986,-0.0011139415
1987,-0.0335795138
1988,-0.0335795138
1989,-3.9680186105
1990,-3.9680186105
1991,-0.0000159203
1992,-0.0000159203
1993,-0.0060537697
1994,-5.6793914523
1995,-5.6793914523
1996,-0.0060537697
1997,-0.0000159203
1998,-0.0000159203
1999,-0.0011139415
2000,-0.0011139415
2001,-0.0011139415
2002,-2.3535350685
2003,-0.0000895327
2004,-5.6793914523
2005,-0.0003623571
2006,-0.0001981599
2007,-0.0011139415
2008,-5.6793914523
2009,-0.0011139415
2010,-0.5751532296
2011,-2.6258920853
2012,-0.0335795138
2013,-0.0000159203
2014,-0.0011139415
2015,-0.0001981599
2016,-0.0000159203
2017,-0.0003623571
2018,-0.0003623571
2019,-1.6424232092
2020,-0.0000159203
2021,-0.0000159203
2022,-0.0000159203
2023,-0.0003623571
2024,-0.0003623571
2025,-0.0000159203
2026,-0.0000159203
2027,-0.0000159203
2028,-0.0003623571
2029,-0.0003623571
2030,-5.6793914523
2031,-5.6793914523
2032,-0.0020361917
2033,-0.0020361917
2034,-0.0000895327
2035,-0.0020361917
2036,-0.0003623571
2037,-0.0020361917
2038,-0.0003623571
2039,-0.0000895327
2040,-0.5681464526
2041,-0.0003623571
2042,-0.0020361917
2043,-5.6793914523
2044,-5.6793914523
2045,-2.6258920853
2046,-5.6793914523
2047,-5.6793914523
2048,-3.1961809438
2049,-3.1961809438
2050,-3.1961809438
2051,-0.0020361917
2052,-5.6793914523
2053,-3.1961809438
2054,-3.1961809438
2055,-0.0020361917
2056,-5.6793914523
2057,-0.0003623571
2058,-0.0020361917
2059,-0.0000895327
2060,-0.0250559983
2061,-0.0605790047
2062,-0.0605790047
2063,-5.6793914523
2064,-0.0011139415
2065,-5.6793914523
2066,-0.0060537697
2067,-0.0011139415
2068,-0.0011139415
2069,-0.0335795138
2070,-0.0335795138
2071,-0.0001981599
2072,-0.0011139415
2073,-3.9680186105
2074,-5.6793914523
2075,-5.6793914523
2076,-0.0250559983
2077,-0.0250559983
2078,-0.0020361917
2079,-0.0250559983
2080,-5.6793914523
2081,-5.6793914523
2082,-3.1961809438
2083,-0.0335795138
2084,-5.6793914523
2085,-5.6793914523
2086,-5.6793914523
2087,-5.6793914523
2088,-0.0011139415
2089,-0.0045013285
2090,-0.0011139415
2091,-0.5751532296
2092,-0.0003623571
2093,-0.0000159203
2094,-0.0000159203
2095,-5.6793914523
2096,-0.0000159203
2097,-0.0000159203
2098,-0.0011139415
2099,-5.6793914523
2100,-0.0011139415
2101,-0.3494676144
2102,-0.0000895327
2103,-0.3494676144
2104,-5.6793914523
2105,-0.0020361917
2106,-0.0000895327
2107,-0.0330522171
2108,-5.6793914523
2109,-0.0020361917
2110,-0.5681464526
2111,-5.6793914523
2112,-5.6793914523
2113,-0.0001981599
2114,-0.0001981599
2115,-0.0330522171
2116,-0.0001981599
2117,-0.0011139415
2118,-5.6793914523
2119,-0.0000159203
2120,-0.0000159203
2121,-0.0060537697
2122,-0.0060537697
2123,-0.3494676144
2124,-0.0001981599
2125,-0.0011139415
2126,-0.0011139415
2127,-0.0000159203
2128,-0.0000895327
2129,-3.9680186105
2130,-0.0000159203
2131,-0.0000159203
2132,-3.9680186105
2133,-0.0000159203
2134,-0.0000159203
2135,-0.0004876769
2136,-5.6793914523
2137,-0.0020361917
2138,-0.0000895327
2139,-5.6793914523
2140,-0.0000159203
2141,-5.6793914523
2142,-1.1875274569
2143,-5.6793914523
2144,-0.0250559983
2145,-0.0250559983
2146,-0.0250559983
2147,-0.0250559983
2148,-0.0000159203
2149,-0.0250559983
2150,-5.6793914523
2151,-0.0000895327
2152,-3.1961809438
2153,-5.6793914523
2154,-5.6793914523
2155,-0.0020361917
2156,-3.1961809438
2157,-3.1961809438
2158,-0.0605790047
2159,-5.6793914523
2160,-5.6793914523
2161,-0.0605790047
2162,-5.6793914523
2163,-0.0000895327
2164,-2.6258920853
2165,-0.0335795138
2166,-5.6793914523
2167,-0.0060537697
2168,-0.0000895327
2169,-0.0335795138
2170,-0.0011139415
2171,-0.0250559983
2172,-3.9680186105
2173,-0.0000159203
2174,-0.0000159203
2175,-3.1961809438
2176,-0.0020361917
2177,-0.0000895327
2178,-0.0020361917
2179,-0.0020361917
2180,-0.0020361917
2181,-0.0020361917
2182,-0.5681464526
2183,-0.0020361917
2184,-0.0020361917
2185,-0.0000895327
2186,-5.6793914523
2187,-0.0003623571
2188,-0.0020361917
2189,-0.0605790047
2190,-0.0000159203
2191,-0.0020361917
2192,-3.9680186105
2193,-5.6793914523
2194,-0.0000159203
2195,-0.0335795138
2196,-0.0001981599
2197,-0.0000159203
2198,-0.0011139415
2199,-0.0011139415
2200,-5.6793914523
2201,-5.6793914523
2202,-0.0020361917
2203,-0.0020361917
2204,-0.0020361917
2205,-3.1961809438
2206,-0.0020361917
2207,-0.0605790047
2208,-0.0020361917
2209,-0.0605790047
2210,-0.0020361917
2211,-0.5681464526
2212,-0.0003623571
2213,-0.0020361917
2214,-0.0020361917
2215,-5.6793914523
2216,-5.6793914523
2217,-5.6793914523
2218,-0.0020361917
2219,-0.0000895327
2220,-0.0605790047
2221,-5.6793914523
2222,-0.0003623571
2223,-0.0000159203
2224,-0.0000159203
2225,-5.6793914523
2226,-0.0020361917
2227,-0.0020361917
2228,-0.0020361917
2229,-5.6793914523
2230,-0.0020361917
2231,-0.0605790047
2232,-0.0020361917
2233,-0.0605790047
2234,-0.0020361917
2235,-3.1961809438
2236,-3.1961809438
2237,-0.0000895327
2238,-0.0020361917
2239,-3.9680186105
2240,-0.0003623571
2241,-0.0000159203
2242,-5.6793914523
2243,-0.0605790047
2244,-0.0000895327
2245,-0.0045013285
2246,-0.0004876769
2247,-0.0000159203
2248,-0.0000159203
2249,-0.0605790047
2250,-0.0000159203
2251,-0.0045013285
2252,-5.6793914523
2253,-0.0045013285
2254,-0.0011139415
2255,-0.0011139415
2256,-5.6793914523
2257,-5.6793914523
2258,-5.6793914523
2259,-5.6793914523
2260,-5.6793914523
2261,-5.6793914523
2262,-2.6258920853
2263,-5.6793914523
2264,-5.6793914523
2265,-5.6793914523
2266,-5.6793914523
2267,-5.6793914523
2268,-0.0000159203
2269,-0.0020361917
2270,-0.0000159203
2271,-0.0020361917
2272,-0.0020361917
2273,-0.0605790047
2274,-0.0000895327
2275,-0.3494676144
2276,-0.0605790047
2277,-0.0605790047
2278,-0.0250559983
2279,-0.0335795138
2280,-0.0060537697
2281,-0.0011139415
2282,-1.1875274569
2283,-5.6793914523
2284,-0.0335795138
2285,-0.0000895327
2286,-2.3535350685
2287,-0.0000159203
2288,-0.5681464526
2289,-0.0001981599
2290,-0.1294739879
2291,-0.0000159203
2292,-0.0000159203
2293,-5.6793914523
2294,-0.0335795138
2295,-0.0000895327
2296,-5.6793914523
2297,-0.0605790047
2298,-0.1275334164
2299,-0.0250559983
2300,-0.0020361917
2301,-0.0011139415
2302,-5.6793914523
2303,-5.6793914523
2304,-5.6793914523
2305,-5.6793914523
2306,-5.6793914523
2307,-5.6793914523
2308,-5.6793914523
2309,-5.6793914523
2310,-5.6793914523
2311,-5.6793914523
2312,-5.6793914523
2313,-5.6793914523
2314,-2.6258920853
2315,-5.6793914523
2316,-0.0001981599
2317,-2.6258920853
2318,-0.0020361917
2319,-0.0020361917
2320,-0.0020361917
2321,-3.1961809438
2322,-0.0020361917
2323,-0.0000895327
2324,-0.0020361917
2325,-0.0020361917
2326,-0.0605790047
2327,-0.0020361917
2328,-0.0020361917
2329,-0.0020361917
2330,-0.0003623571
2331,-0.0001981599
2332,-0.0004876769
2333,-0.0000895327
2334,-0.0011139415
2335,-2.6258920853
2336,-0.0001981599
2337,-2.6258920853
2338,-5.6793914523
2339,-2.6258920853
2340,-0.0335795138
2341,-0.3494676144
2342,-0.0000159203
2343,-5.6793914523
2344,-0.0335795138
2345,-0.0011139415
2346,-5.6793914523
2347,-0.5681464526
2348,-0.0000159203
2349,-0.0000895327
2350,-3.1961809438
2351,-0.0000159203
2352,-0.0000895327
2353,-5.6793914523
2354,-0.0000159203
2355,-0.0020361917
2356,-0.0020361917
2357,-0.0003623571
2358,-0.0020361917
2359,-0.0000895327
2360,-0.0020361917
2361,-0.0020361917
2362,-0.0001981599
2363,-0.0004876769
2364,-5.6793914523
2365,-0.0011139415
2366,-5.6793914523
2367,-5.6793914523
2368,-5.6793914523
2369,-5.6793914523
2370,-5.6793914523
2371,-0.0000895327
2372,-0.0020361917
2373,-0.0027396081
2374,-0.0000895327
2375,-0.3494676144
2376,-0.0000895327
2377,-0.0003623571
2378,-5.6793914523
2379,-0.0020361917
2380,-0.0027396081
2381,-0.0020361917
2382,-5.6793914523
2383,-5.6793914523
2384,-2.3535350685
2385,-0.5751532296
2386,-0.0027396081
2387,-0.0027396081
2388,-0.0335795138
2389,-0.5751532296
2390,-0.0717435968
2391,-0.0003623571
2392,-0.5681464526
2393,-0.0001981599
2394,-2.6258920853
2395,-0.0000159203
2396,-0.0000159203
2397,-0.0000159203
2398,-0.0003623571
2399,-0.0250559983
2400,-0.0335795138
2401,-0.0020361917
2402,-0.0000159203
2403,-5.6793914523
2404,-0.0060537697
2405,-0.0011139415
2406,-0.0059574156
2407,-0.0000159203
2408,-0.0000895327
2409,-0.0000159203
2410,-0.0000895327
2411,-0.0605790047
2412,-0.0001981599
2413,-0.0060537697
2414,-0.0020361917
2415,-0.0011139415
2416,-5.6793914523
2417,-0.0000159203
2418,-0.0000159203
2419,-0.0004876769
2420,-0.0000159203
2421,-5.6793914523
2422,-5.6793914523
2423,-0.0027396081
2424,-0.0000895327
2425,-3.9680186105
2426,-0.0003623571
2427,-0.0110432651
2428,-0.0000159203
2429,-0.0000159203
2430,-5.6793914523
2431,-0.0000159203
2432,-0.0020361917
2433,-0.0000895327
2434,-0.0605790047
2435,-0.0045013285
2436,-0.0020361917
2437,-5.6793914523
2438,-0.0250559983
2439,-0.0020361917
2440,-5.6793914523
