0,-0.0000010000,-0.0000010000,-0.0000010000,-0.0000353441,-0.0000010000
1,-0.0000010000,-0.0000010000,-0.0000063921,-0.0000323577,-0.0000010000
2,-0.0000010000,-0.0000010000,-0.0000010000,-0.0000357177,-0.0000010000
3,-13.7553073738,-5.4412645281,-6.9084963928,-4.5778025088,-4.2887653412
4,-0.0000010000,-0.0000010000,-0.0000584633,-0.0000470741,-0.0000010000
5,-0.0000010000,-0.0000010000,-0.0000034261,-0.0213250740,-0.0000010000
6,-0.0000010000,-0.0000010000,-0.0000158883,-0.0000030152,-0.0000010000
7,-0.0000010000,-0.0002913831,-0.0000010000,-0.0007943328,-0.0000010000
8,-13.7555183165,-8.2243501910,-6.9086826973,-4.6358151728,-4.3612302317
9,-10.9580642672,-8.2231460909,-6.9080429360,-4.5619143936,-4.3394303381
10,-13.7555164844,-8.2239171122,-0.0000163493,-4.5210653066,-4.2767026041
11,-13.7555058743,-8.2241452862,-5.0906470246,-4.6029869830,-4.3298851332
12,-13.7555183165,-8.2243501910,-6.9086826973,-4.6358151728,-4.3612302317
13,-0.0000010000,-0.0000010000,-0.0000010000,-0.0000386586,-0.0000010000
14,-0.0000010000,-0.0000010000,-0.0000072148,-0.0000025608,-0.0000010000
15,-0.0000010000,-0.0000010000,-0.0000016043,-0.0000472806,-0.0000307273
16,-0.0234046589,-4.9575772892,-1.0554070607,-0.0000723823,-1.7390082036
17,-0.0000010000,-0.0000185350,-0.0000026073,-0.0370146083,-0.0107489203
18,-0.0000010000,-0.0000010000,-0.0000048402,-0.0000968158,-0.0000010000
19,-8.4088377166,-8.2178431724,-0.6039982369,-1.2829196387,-1.2160864469
20,-8.7049686393,-0.8784837245,-0.0419627815,-4.3610706420,-1.8015623540
21,-8.7813505310,-5.6990730914,-5.0902709179,-4.5208327901,-1.2018825444
22,-0.0000010000,-0.0000031842,-0.0804091309,-1.0868236991,-0.0214493817
23,-0.0000010000,-0.0001163408,-0.0009609175,-0.0008703803,-0.0000010000
24,-0.0000010000,-0.1792057795,-0.0001443901,-0.0721011882,-2.2180229042
25,-0.0000010000,-0.0000920605,-1.8025955842,-0.0022022209,-0.0000010000
26,-8.6361121023,-5.8982762709,-3.9723034476,-0.0027153646,-0.2845719669
27,-13.7535219599,-8.2154689812,-2.6130947124,-0.8721449022,-0.0000010000
28,-0.0000010000,-1.8791806521,-0.0026949502,-0.0010479801,-0.0000010000
29,-0.0000010000,-1.2307229716,-0.0027143153,-0.0769387845,-0.0015056474
30,-0.0000073194,-0.0001604020,-0.0000573841,-0.0001177827,-0.0000025232
31,-0.0000010000,-0.0000010000,-0.0001625044,-0.0008777977,-0.0000010000
32,-0.0000010000,-4.0673088648,-0.0538111898,-0.0601039456,-0.0000382030
33,-0.0032991710,-0.3901287927,-6.8914381141,-4.3890246132,-0.0263601746
34,-0.0000010000,-0.0000010000,-0.0000010000,-0.0223056191,-0.0000010000
35,-0.0000010000,-0.0000010000,-0.0002677385,-0.0000523241,-0.0000010000
36,-0.0000010000,-0.0000010000,-0.0002074010,-0.0000035954,-0.0000010000
37,-13.7555183165,-8.2243501910,-6.9086826973,-4.6358151728,-4.3612302317
38,-13.7555183164,-8.2235455429,-6.9086553335,-4.6035695440,-2.4412823143
39,-13.7555183165,-8.2243501910,-6.9086826973,-4.6358151728,-4.3612302317
40,-13.7553753183,-5.7048311543,-6.9082901213,-4.5950699099,-2.3775311272
41,-13.7555183164,-8.2235455429,-6.9086553335,-4.6035695440,-2.4412823143
42,-13.7555183165,-8.2243501910,-6.9086826973,-4.6358151728,-4.3612302317
43,-13.7555183165,-8.2243501910,-6.9086826973,-4.6358151728,-4.3612302317
44,-13.7555165110,-8.2241960817,-4.7373729119,-4.5835766881,-4.3433535183
45,-13.7555183165,-8.2243501910,-6.9086826973,-4.6358151728,-4.3612302317
46,-13.7555183165,-8.2243501910,-6.9086826973,-4.6358151728,-4.3612302317
47,-8.5174496206,-8.2228652978,-6.9086686575,-4.5795647272,-0.0150876190
48,-13.7555165110,-8.2241960817,-4.7373729119,-4.5835766881,-4.3433535183
49,-0.0000010000,-0.0000010000,-0.0000010000,-0.0000025991,-0.0000010000
50,-7.7580796033,-5.0422539536,-5.0884055273,-4.5250206697,-4.2104391452
51,-0.0000010000,-0.0000010000,-2.8764527466,-0.0000039794,-0.0000010000
52,-13.7555183164,-8.2235455429,-6.9086553335,-4.6035695440,-2.4412823143
53,-0.0000010000,-0.0000174806,-0.0450026124,-0.0001084720,-0.0000010000
54,-11.3306248749,-0.0042247726,-0.1359065983,-1.7544473761,-2.2967049801
55,-13.7555183165,-8.2243501910,-6.9086826973,-4.6358151728,-4.3612302317
56,-0.0000010000,-0.0000248374,-0.0000139193,-1.0555967727,-0.0284823215
57,-0.0000010000,-0.0000010000,-0.0000032620,-0.0011428394,-0.0000010000
58,-0.0000010000,-0.0000010000,-0.0011053749,-0.0014670672,-0.0000010000
59,-11.2395629381,-8.2225880581,-6.9086733418,-4.5479737912,-4.3581383362
60,-11.2376883115,-8.1571719944,-3.9798022301,-4.4655180915,-1.8969449901
61,-10.9575799251,-3.4071225575,-0.6920024027,-0.1563539081,-4.1865890874
62,-0.0000010000,-0.0000010000,-0.0000159705,-0.0008251300,-0.0138979289
63,-0.0000010000,-0.0004199011,-0.0000057397,-0.0009489450,-0.0000010000
64,-0.0000010000,-0.0000015051,-0.0009168253,-0.0575612691,-0.0000010000
65,-0.0001718597,-3.4784617663,-0.0000975880,-1.1862134005,-0.0000014287
66,-13.7555183138,-8.2243340566,-4.4822337386,-4.6272474018,-4.3528015630
67,-8.3370597529,-5.4401904317,-4.4819509178,-4.5481614829,-1.2198329465
68,-13.7555183165,-8.2243501910,-6.9086826973,-4.6358151728,-4.3612302317
69,-13.7555183165,-8.2243501910,-6.9086826973,-4.6358151728,-4.3612302317
70,-13.7555183165,-8.2243501910,-6.9086826973,-4.6358151728,-4.3612302317
71,-8.5265156088,-5.7044384034,-2.3501959202,-4.5562160457,-0.0000015656
72,-0.0000010000,-0.0000010000,-0.0568784937,-0.0642711339,-0.0000010000
73,-13.7555165110,-8.2241960817,-4.7373729119,-4.5835766881,-4.3433535183
74,-11.1505521775,-8.2224619630,-4.7372574097,-4.5351238098,-2.3917755623
75,-13.7555183164,-8.2235455429,-6.9086553335,-4.6035695440,-2.4412823143
76,-13.7555183165,-8.2243501910,-6.9086826973,-4.6358151728,-4.3612302317
77,-13.7555183165,-8.2243501785,-6.9086815143,-4.6340824622,-0.0154837225
78,-4.9814392393,-0.0000010000,-6.8987003143,-1.7129264804,-0.0000010000
79,-0.0000010000,-0.0000184590,-3.9585671005,-0.0593546058,-0.0295371675
80,-7.9285243632,-8.1568593008,-1.9267801834,-1.2443060241,-0.1619659030
81,-0.0000010000,-0.0000065920,-0.0004453195,-0.0000575215,-0.0000010000
82,-0.0000010000,-0.0000010000,-0.0000010000,-0.0008675851,-0.0000010000
83,-0.0000010000,-3.3127492966,-4.0895088766,-0.0011180478,-0.0000010000
84,-5.1986021911,-0.0000067763,-0.0015935326,-0.7598474486,-3.9601527640
85,-8.7065029298,-2.9666037365,-6.9081231112,-0.0843968648,-4.1929933401
86,-13.7555183165,-8.2243501910,-6.9086826973,-4.6358151728,-4.3612302317
87,-13.7555183165,-8.2243501910,-6.9086826973,-4.6358151728,-4.3612302317
88,-13.7555183163,-8.2243305273,-6.9086547426,-2.0611734711,-4.3573300062
89,-0.0000010000,-0.0000038405,-0.0034468338,-0.0009201523,-0.0000010000
90,-0.0000010000,-0.0000801577,-0.0026724549,-0.0309842941,-0.0162671652
91,-7.8032312609,-2.7496135535,-4.7233653845,-0.0886018672,-2.2984501932
92,-13.7555183165,-8.2243501910,-6.9086826973,-4.6358151728,-4.3612302317
93,-7.4393715456,-1.4644969124,-1.3270005671,-0.0031469810,-0.0000010000
94,-0.0000010000,-0.0001766635,-0.0157812108,-0.0308555743,-4.0462015478
95,-0.0000010000,-0.0000010000,-0.2720197429,-0.0653297648,-4.1548963332
96,-13.7536436610,-8.1505634301,-6.8977456922,-4.5127413619,-0.5705424555
97,-13.7555183165,-8.2243501910,-6.9086826973,-4.6358151728,-4.3612302317
98,-8.1139348245,-0.0002645837,-0.0010704626,-1.6294570706,-2.1342958241
99,-5.6850460878,-8.1849278515,-3.9730490974,-4.4167405769,-2.3292922938
100,-0.0000010000,-1.2144836037,-6.9055989462,-0.0743745742,-0.0431421045
101,-0.0012354850,-0.0003464719,-0.0296801414,-0.0023526817,-2.1858660656
102,-13.7555183165,-8.2243501910,-6.9086826973,-4.6358151728,-4.3612302317
103,-0.0000010000,-0.0000010000,-0.0000154294,-0.0229610242,-0.0027327981
104,-0.0000010000,-0.0000010000,-0.0000010000,-0.5360721981,-0.0000010000
105,-0.0000447770,-0.0031151349,-0.1047303216,-0.0020238293,-0.0000010000
106,-0.0000010000,-0.0000599377,-2.8742977564,-4.3171847849,-0.0000013333
107,-0.0000010000,-0.0002378793,-2.8757787340,-0.0662792210,-4.0400216448
108,-0.0000010000,-0.0000012304,-3.9827202514,-4.3500597099,-4.0359839735
109,-0.0000010000,-0.0009554076,-6.8938345454,-1.6635089776,-1.7186489980
110,-0.0000010000,-0.0000268606,-0.0032596463,-0.0000540319,-1.5204988296
111,-13.7553673767,-8.2243500027,-6.9086759520,-1.4661312031,-4.3538064259
112,-0.0000010000,-0.0000012235,-2.9851900517,-1.7567873534,-2.2169873728
113,-0.0000010000,-0.0000045443,-6.8945512152,-0.1202064633,-0.2040018516
114,-13.7555183165,-8.2243501910,-6.9086826973,-4.6358151728,-4.3612302317
115,-11.6912284463,-8.2237271291,-6.9081344593,-4.6171595017,-4.3274879887
116,-11.6912284463,-8.2237271291,-6.9081344593,-4.6171595017,-4.3274879887
117,-13.7555183165,-8.2243501910,-6.9086826973,-4.6358151728,-4.3612302317
118,-13.7555058743,-8.2241271691,-5.0906457076,-1.9200150434,-4.3275913280
119,-8.7068443725,-8.2227777591,-5.0906428115,-4.5476057842,-4.3068878045
120,-11.3307700642,-8.2146256878,-6.9084758355,-4.5314653936,-2.4121385585
121,-13.7555183165,-8.2243501903,-6.9086816739,-4.6349131168,-1.3070657560
122,-0.0000010000,-0.0000010000,-0.0446239397,-0.7512876067,-0.0000010000
123,-0.0000010000,-0.0000024797,-0.0000010000,-0.0014363981,-0.0000010000
124,-0.0000010000,-0.0000046562,-1.0604164229,-0.7274534960,-0.0000047438
125,-0.0000010000,-0.0000010000,-0.0000056320,-0.0000571867,-0.0000010000
126,-0.0000010000,-0.0000010000,-0.0000010000,-0.0000352383,-0.0000010000
127,-0.0177906378,-0.0001480644,-0.0267132751,-4.0420232272,-0.0675192576
128,-0.0000010000,-0.0000010000,-0.0000015255,-0.0588443468,-0.0000010000
129,-0.0023274195,-0.0696062285,-0.2630988399,-1.1290594729,-4.0086234305
130,-0.0000010000,-0.0000010000,-0.0007260336,-4.1483076536,-0.0177779106
131,-0.0000010000,-0.0000010000,-0.0084410793,-0.0000904330,-0.0000010000
132,-13.7553073736,-5.4412449443,-6.9084684381,-2.0102289978,-4.2848689124
133,-13.7553753184,-5.7056333393,-6.9083174851,-4.6273127984,-4.2921083148
134,-0.0000010000,-0.0000010000,-1.0616485328,-0.0636642187,-0.0000010000
135,-0.5199208574,-8.1253618338,-4.7259744976,-4.2871835531,-0.1653574690
136,-8.7815059462,-8.2177632574,-3.4795329435,-4.5399237013,-1.2629614978
137,-0.0000010000,-0.0000010000,-0.0000505448,-0.0001249215,-0.0000010000
138,-0.0000010000,-0.0000010000,-0.0332427915,-0.9837746928,-0.0025014492
139,-13.7555183165,-8.2243501910,-6.9086826973,-4.6358151728,-4.3612302317
140,-11.2061251613,-8.2193266461,-6.9086743326,-4.6135868086,-4.3388231619
141,-0.0007607095,-0.0000010000,-2.6052980376,-4.2286321454,-0.2912932717
142,-0.0000010000,-0.0000062247,-0.6770337976,-1.0510094999,-0.0000010000
143,-0.0836276968,-0.0000010000,-0.0093167930,-0.2197973225,-0.0000010000
144,-0.0000010000,-0.0000014923,-4.7117076896,-0.0317435963,-0.0000010000
145,-0.0000010000,-0.0000058536,-0.0008495373,-0.7418049032,-0.0000010000
146,-0.0000010000,-0.0000010000,-0.0001774570,-0.0000031336,-0.0166276372
147,-13.7555183165,-8.2243501910,-6.9086826973,-4.6358151728,-4.3612302317
148,-13.7555183165,-8.2243501910,-6.9086826973,-4.6358151728,-4.3612302317
149,-13.7553641889,-8.2238114470,-0.0000010000,-1.3140946695,-4.2469984989
150,-13.7555183165,-8.2243501910,-6.9086826973,-4.6358151728,-4.3612302317
151,-0.0000010000,-0.0091447172,-0.0002364368,-4.1820653816,-0.0000010000
152,-13.7555183165,-8.2243320739,-6.9086813735,-1.9483776525,-4.3589354808
153,-10.9580624618,-8.2229919817,-4.7367381233,-4.5097161892,-4.3215587638
154,-13.7555183095,-8.2159776864,-6.9084792930,-4.5820051829,-2.4328251552
155,-13.7555165110,-8.2241960817,-4.7373729119,-4.5835766881,-4.3433535183
156,-0.0000010000,-0.0202530197,-0.0573106710,-0.0039831483,-0.0000044375
157,-0.0000010000,-0.0006254019,-0.0001650924,-0.0002128068,-0.9717982579
158,-0.0000010000,-0.0000010000,-0.0020653332,-0.0274086049,-0.0150771470
159,-0.0000010000,-0.0004630941,-0.0009217844,-0.0000536145,-0.0000892359
160,-0.0000010000,-0.0000035775,-0.0004430864,-0.0016864249,-0.6317054884
161,-0.7249784664,-4.9503799169,-1.7208715411,-4.3718571714,-0.0038130740
162,-3.9726586981,-0.2200509433,-0.0000307956,-0.2576288528,-0.0000010000
163,-0.0000015851,-0.0001763089,-2.2408647740,-0.0314081374,-1.5692484449
164,-13.7555058743,-8.2241452862,-5.0906470246,-4.6029869830,-4.3298851332
165,-5.1465900909,-5.4018056299,-6.9081088880,-4.4468461796,-2.2816765250
166,-13.7555183165,-8.2243501910,-6.9086826973,-4.6358151728,-4.3612302317
167,-13.7555183165,-8.2243501910,-6.9086826973,-4.6358151728,-4.3612302317
168,-13.7555183165,-8.2243501910,-6.9086826973,-4.6358151728,-4.3612302317
169,-0.0000010000,-0.0000010000,-0.0000010000,-0.0000029324,-0.0000010000
170,-0.0000010000,-0.0000010000,-0.0000010000,-0.0000028341,-0.0000010000
171,-0.0000010000,-0.0003673655,-0.0000023960,-0.0009546304,-0.0000010000
172,-0.0000010000,-0.0000068193,-0.0008318577,-0.0000430815,-0.0000010000
173,-0.0000010000,-0.0000010000,-0.0002588211,-0.0001157227,-0.0000010000
174,-0.0000010000,-0.0000010000,-0.3955652682,-0.0000035161,-0.0021637123
175,-3.4738777234,-0.0216067596,-6.9059501111,-4.4249722151,-2.2487294799
176,-13.7555183165,-8.2243501910,-6.9086826973,-4.6358151728,-4.3612302317
177,-8.6344160460,-0.0001856455,-0.4645499715,-1.7067853373,-0.0000010000
178,-13.7534518338,-0.0968368753,-0.6250049868,-0.0049475399,-0.0901307809
179,-0.0000010000,-0.0001065670,-0.1036274358,-0.0000593755,-1.5617310160
180,-0.0000010000,-0.0000010000,-0.0003346441,-0.0035581224,-0.0000938781
181,-0.0000010000,-0.0000010000,-0.0000022676,-0.0000031597,-0.0000010000
182,-0.0000010000,-0.0000010000,-0.0000285589,-0.0007222590,-0.0000010000
183,-0.0000010000,-0.0000010000,-0.0284218122,-0.0001083481,-0.0000022074
184,-0.0016264772,-0.0006568284,-6.8949823500,-0.7809937706,-0.0000010000
185,-3.0660153935,-0.0004534878,-4.7232340628,-0.8383909521,-4.1872876497
186,-0.0000010000,-0.0001245271,-0.9658615167,-0.0017747703,-2.0403501214
187,-0.0000010000,-0.0000010000,-0.0000451393,-0.0000610589,-0.0000010000
188,-0.0000010000,-0.0000010000,-2.9272724024,-0.0027628985,-0.0163294501
189,-0.0000010000,-0.0000017158,-0.0896336265,-1.0399948617,-0.0000010000
190,-0.0000010000,-0.0000010000,-0.0000285954,-0.0000516006,-0.0000010000
191,-0.0000010000,-0.0000010000,-0.0000010000,-0.0000602742,-0.0000010000
192,-0.0000010000,-0.0000209244,-0.0004483719,-0.0228497913,-0.0000010000
193,-13.7555183136,-8.2242962758,-4.4822047621,-0.3368185519,-4.3466073824
194,-13.7555183165,-8.2243501910,-6.9086826973,-4.6358151728,-4.3612302317
195,-2.1858468886,-1.0152418152,-0.0006271176,-0.7555310241,-0.4197269679
196,-3.2742905963,-0.0000010000,-0.0033175387,-0.0305606211,-0.0000010000
197,-13.7555183165,-8.2243501910,-6.9086826973,-4.6358151728,-4.3612302317
198,-13.7555183165,-8.2243501910,-6.9086826973,-4.6358151728,-4.3612302317
199,-13.7555183165,-8.2243501910,-6.9086826973,-4.6358151728,-4.3612302317
200,-13.7555183165,-8.2243501910,-6.9086826973,-4.6358151728,-4.3612302317
201,-0.0000010000,-0.0000010000,-0.0496452229,-4.2133383773,-0.0000010000
202,-13.7535066753,-8.2234474229,-0.0000010000,-1.1896543175,-4.2011063221
203,-0.5541582198,-0.0000010000,-0.0008228725,-4.1953244534,-4.0145916236
204,-13.7555058743,-8.2241452862,-5.0906470246,-4.6029869830,-4.3298851332
205,-0.0000018440,-0.0000302392,-0.1032888177,-0.0000676464,-0.0000010000
206,-7.6446429993,-5.0549308444,-5.0842588500,-0.9302581208,-4.2990791866
207,-0.0000010000,-0.0001473530,-0.0057178718,-0.1238267512,-0.0000010000
208,-10.9420228106,-4.1014739352,-0.1055176744,-1.9251408424,-4.3005252321
209,-0.5411216945,-0.0013347859,-6.8968263219,-0.0045029470,-0.0000031973
210,-0.0000765541,-0.0902083393,-6.8987600348,-0.2345889029,-0.0109032245
211,-0.0688604573,-0.0010436860,-4.0863755481,-0.1318367631,-4.0997240511
212,-10.9578732787,-0.0001198277,-6.9064730012,-4.5068981573,-4.2541073258
213,-10.5163601124,-0.0004283139,-6.8986292518,-0.0100076597,-4.1878553247
214,-13.7555183165,-8.2243501910,-6.9086826973,-4.6358151728,-4.3612302317
215,-13.7555183165,-8.2243501910,-6.9086826973,-4.6358151728,-4.3612302317
216,-13.7555183165,-8.2243501910,-6.9086826973,-4.6358151728,-4.3612302317
217,-13.7555058650,-8.2240948953,-0.4080043992,-4.5735015983,-4.2916919912
218,-13.7555183165,-8.2243501910,-6.9086826973,-4.6358151728,-4.3612302317
219,-13.7555183165,-8.2243501910,-6.9086826973,-4.6358151728,-4.3612302317
220,-13.7555183165,-8.2243501910,-6.9086826973,-4.6358151728,-4.3612302317
221,-13.7555183165,-8.2243501910,-6.9086826973,-4.6358151728,-4.3612302317
222,-13.7555183165,-8.2243501910,-6.9086826973,-4.6358151728,-4.3612302317
223,-0.0000010000,-0.0053861872,-0.0339661818,-0.2389288453,-0.0007818023
224,-0.0000010000,-0.0034422798,-2.0233571767,-0.0000666239,-0.0000010000
225,-0.0000010000,-0.0000010000,-0.0001793831,-0.0696870272,-0.0000045706
226,-13.7555183164,-8.2235455429,-6.9086553335,-4.6035695440,-2.4412823143
227,-13.7555183165,-8.2243501910,-6.9086826973,-4.6358151728,-4.3612302317
228,-13.7555183165,-8.2243501910,-6.9086826973,-4.6358151728,-4.3612302317
229,-13.7555183165,-8.2243501910,-6.9086826973,-4.6358151728,-4.3612302317
230,-0.0000010000,-0.0000010000,-0.0003428614,-0.5829613113,-0.0000038111
231,-0.0009023519,-0.0014672779,-0.0000024175,-0.0096043893,-4.1284420036
232,-0.0000251411,-0.0000010000,-0.0000010000,-0.0001011389,-1.5691971254
233,-8.6328617650,-8.1562149327,-6.8978194777,-0.1584986220,-1.8602091452
234,-10.9420233418,-5.0472469403,-1.9320561398,-4.4369902222,-2.3906251309
235,-13.7555183165,-8.2243501910,-6.9086826973,-4.6358151728,-4.3612302317
236,-0.0000116191,-0.0004695836,-2.0311077796,-1.2392712911,-4.1799684277
237,-0.1552786857,-0.0000010000,-0.4463998041,-0.0302495119,-0.0000010000
238,-6.7516630552,-8.2205948787,-6.9081203225,-1.8139270376,-4.2997083324
239,-11.2395611060,-8.2221549796,-0.0000163492,-4.4333332504,-4.2736142396
240,-13.7555183125,-8.2241226680,-1.3216210339,-4.6050272026,-4.3374285079
241,-10.8829623282,-8.2235566956,-6.9086232087,-4.5878036114,-4.3413011459
242,-0.0000010000,-0.0000010000,-0.0010901707,-0.0017605005,-0.0000010000
243,-0.0000010000,-0.0000010000,-0.0000017749,-0.0006357320,-0.0000010000
244,-0.0000010000,-0.0000010000,-0.0009175713,-0.0007425511,-0.0000010000
245,-0.0000010000,-0.0000010000,-0.0001602794,-0.0000031797,-0.0000010000
246,-0.0000010000,-0.0000139700,-0.0000010000,-0.1262138749,-0.0000010000
247,-0.0000010000,-0.0000010000,-0.0000104021,-0.0000367182,-0.0000010000
248,-11.1312747682,-5.8991717590,-4.4806912497,-4.5800010771,-4.2962068315
249,-13.7555183165,-8.2243501910,-6.9086826973,-4.6358151728,-4.3612302317
250,-0.0000010000,-0.0000010000,-0.0003000218,-4.1927743706,-1.0648529197
251,-0.0000010000,-0.0000010000,-0.0000050354,-0.0897167491,-0.0000010000
252,-0.0000010000,-0.0000010000,-0.0156365341,-0.0043705034,-0.0000011428
253,-0.0000010000,-0.0000010000,-0.0000010000,-0.0008077584,-0.0000010000
254,-0.0000010000,-0.0000010000,-0.0000010000,-0.0000027275,-0.0000010000
255,-10.5167775288,-8.2243149595,-6.9023235231,-4.6246169008,-4.3540062196
256,-11.6910380318,-5.8902301328,-6.9063732489,-4.5209735417,-2.3502149140
257,-13.7553279076,-5.8992033406,-6.9071248900,-4.5933971211,-4.3052285792
258,-13.7555183165,-8.2243501910,-6.9086826973,-4.6358151728,-4.3612302317
259,-0.0000010000,-0.0000010000,-0.0005551867,-0.0617535364,-0.0000025524
260,-0.0914457886,-4.1384942208,-0.0481054980,-0.0001562244,-1.0893422492
261,-13.7555183165,-8.2243501785,-6.9086815143,-4.6340824622,-0.0154837225
262,-13.7555183165,-8.2243501910,-6.9086826973,-4.6358151728,-4.3612302317
263,-0.0000010000,-0.0227378146,-0.0000958722,-0.0021702058,-0.0001071143
264,-0.3319787296,-5.0383097650,-0.2661700709,-0.0000696995,-1.1165538387
265,-0.0000010000,-0.0000010000,-0.1455747822,-0.0019817509,-0.0155893813
266,-0.0000010000,-1.0040016901,-5.0776789645,-0.1147181019,-0.0195928046
267,-0.0000010000,-0.0002144667,-0.0006479271,-0.0922571204,-0.0324130093
268,-0.0000010000,-0.0000010384,-0.0001035100,-0.0012899301,-0.0000010000
269,-0.0000010000,-0.0000010000,-0.0000502391,-0.0018481230,-0.0000010000
270,-0.0000010000,-0.0000010000,-4.4777963521,-0.0002134967,-0.5678685351
271,-0.0000010000,-0.0001798275,-4.7188152797,-0.0716171554,-4.0887845641
272,-0.0000010000,-0.0005753955,-4.7173168138,-0.0614615904,-4.0571796633
273,-7.7442895906,-0.0002117603,-6.8976248000,-0.0054205539,-0.0275186237
274,-5.4806611110,-4.3613930524,-1.5056971804,-0.0824431543,-4.2389656522
275,-11.1505539791,-8.2231931972,-1.3215556744,-4.5887936249,-4.3016630395
276,-10.5165857595,-5.8906951871,-1.7095562767,-4.4342256317,-2.3463451242
277,-13.7549655809,-1.2485106960,-6.9076270759,-4.5202822238,-0.0073669530
278,-10.0452406623,-5.4323936108,-4.7247972885,-1.2498735859,-0.0514115233
279,-13.7555183165,-8.2243501910,-6.9086826973,-4.6358151728,-4.3612302317
280,-13.7555183165,-8.2243501910,-6.9086826973,-4.6358151728,-4.3612302317
281,-2.5392406698,-8.2118343647,-6.9077888791,-0.0781488874,-0.0000063394
282,-13.7555183165,-8.2243501910,-6.9086826973,-4.6358151728,-4.3612302317
283,-10.5162242266,-0.0016560693,-3.4723788313,-4.5119010209,-2.3187155073
284,-8.2588418770,-5.6956760095,-3.9897046884,-1.3437359746,-0.8185703509
285,-13.7555183165,-8.2243501910,-6.9086826973,-4.6358151728,-4.3612302317
286,-7.3797365310,-0.0000010000,-2.8730647029,-0.1285276315,-0.0000010000
287,-10.5167495488,-4.3835593940,-1.3076604891,-0.0027769636,-0.8338909097
288,-13.7555183163,-8.2243305273,-6.9086547426,-2.0611734711,-4.3573300062
289,-5.4333177255,-4.0506582637,-6.9056743157,-4.4865453854,-0.7818421662
290,-13.7534326700,-0.0825963731,-0.6826577392,-4.4293627044,-0.5218162031
291,-13.7524396063,-0.0013431810,-6.9024669380,-1.3241430909,-0.8072421160
292,-3.9180826059,-0.0001810881,-0.0502218585,-4.4211336327,-0.7525996356
293,-10.8827719157,-3.0534674929,-6.9068566005,-4.4914188914,-2.3628470311
294,-6.5092156975,-0.2079343340,-4.0901386758,-0.0100168358,-0.0484794991
295,-0.0000010000,-0.0000132038,-0.0301995354,-0.0018535565,-0.0027058808
296,-0.0000010000,-0.0000010000,-0.0000094373,-0.0976666060,-4.0456243935
297,-0.0000010000,-0.0001580127,-1.0373468260,-0.0042000533,-0.0000010000
298,-0.0000010000,-0.0000010000,-0.0000072271,-0.0014967721,-0.0000010000
299,-0.0000010000,-0.0000010000,-0.0000054353,-0.0735649986,-0.0000010000
300,-13.7535205849,-5.3458012737,-0.0000010000,-4.3510975599,-4.2116156137
301,-0.0000010000,-0.0000010000,-0.7332588607,-0.1337685760,-0.0000010000
302,-0.2574577747,-0.3682431063,-0.0002311255,-1.2677296654,-4.1605529679
303,-0.0000010000,-0.0000010000,-0.0057064378,-0.0262640285,-0.0000953637
304,-13.7535205849,-8.2234570550,-0.0000010000,-4.3513259454,-4.2116573658
305,-7.4966914033,-8.1536930521,-4.0799534956,-4.5247794953,-1.8571841445
306,-13.7534188118,-5.3758888981,-1.3136147580,-1.2804194169,-1.8146238467
307,-6.0318159115,-0.0201722737,-5.0796622591,-4.4351308044,-0.0039756680
308,-5.6053370696,-4.9872526744,-4.7144062209,-1.7062492151,-0.0000035203
309,-13.7514587041,-5.8335378772,-0.4493512347,-4.4151663273,-1.7882620568
310,-0.0000010000,-0.0000010000,-1.3885219966,-0.0001080330,-0.0000010000
311,-13.7555183165,-8.2243501910,-6.9086826973,-4.6358151728,-4.3612302317
312,-8.5480446186,-0.0008594799,-2.0065050891,-4.3032292436,-1.7032831565
313,-4.0966989223,-2.1586510186,-1.0644538022,-0.8495974095,-0.0000010000
314,-0.0000010000,-0.0001179319,-0.0301908360,-0.2406064108,-0.0000010000
315,-13.7555151263,-5.3461270457,-0.0000010000,-4.4260461072,-4.2436836858
316,-0.0000010000,-0.0000290842,-0.0181796533,-0.0047427409,-0.2499528616
317,-13.7555183165,-8.2243501910,-6.9086826973,-4.6358151728,-4.3612302317
318,-0.0000010000,-0.0000010000,-0.0034235799,-0.0020477707,-0.0176606513
319,-0.0000010000,-0.0031968724,-0.0034308800,-0.0000768792,-0.0000047272
320,-0.0000010000,-0.0000053487,-0.0000095748,-0.0001039315,-0.0000010000
321,-0.0000010000,-0.0000010000,-0.0000841064,-0.0000576856,-0.0000010043
322,-13.7510121930,-0.0009444543,-0.0000104984,-1.7755293469,-0.2530410615
323,-13.7555183165,-8.2243501910,-6.9086826973,-4.6358151728,-4.3612302317
324,-1.9168194837,-5.3735766902,-0.0552645761,-4.2957365984,-0.5028443078
325,-0.0000010000,-1.7569912356,-0.0012079429,-1.6215925050,-3.9257613445
326,-1.8450386528,-8.2042349745,-0.0000010000,-4.2949285971,-4.1228837222
