0,1,1,1,1,1
1,1,1,1,1,1
2,1,1,1,1,1
3,0,0,0,0,0
4,1,1,1,1,1
5,1,1,1,1,1
6,1,1,1,1,1
7,1,1,1,1,1
8,0,0,0,0,0
9,0,0,0,0,0
10,0,0,1,0,0
11,0,0,0,0,0
12,0,0,0,0,0
13,1,1,1,1,1
14,1,1,1,1,1
15,1,1,1,1,1
16,1,0,0,1,0
17,1,1,1,1,1
18,1,1,1,1,1
19,0,0,1,0,0
20,0,0,1,0,0
21,0,0,0,0,0
22,1,1,1,0,1
23,1,1,1,1,1
24,1,1,1,1,0
25,1,1,0,1,1
26,0,0,0,1,1
27,0,0,0,0,1
28,1,0,1,1,1
29,1,0,1,1,1
30,1,1,1,1,1
31,1,1,1,1,1
32,1,0,1,1,1
33,1,1,0,0,1
34,1,1,1,1,1
35,1,1,1,1,1
36,1,1,1,1,1
37,0,0,0,0,0
38,0,0,0,0,0
39,0,0,0,0,0
40,0,0,0,0,0
41,0,0,0,0,0
42,0,0,0,0,0
43,0,0,0,0,0
44,0,0,0,0,0
45,0,0,0,0,0
46,0,0,0,0,0
47,0,0,0,0,1
48,0,0,0,0,0
49,1,1,1,1,1
50,0,0,0,0,0
51,1,1,0,1,1
52,0,0,0,0,0
53,1,1,1,1,1
54,0,1,1,0,0
55,0,0,0,0,0
56,1,1,1,0,1
57,1,1,1,1,1
58,1,1,1,1,1
59,0,0,0,0,0
60,0,0,0,0,0
61,0,0,1,1,0
62,1,1,1,1,1
63,1,1,1,1,1
64,1,1,1,1,1
65,1,0,1,0,1
66,0,0,0,0,0
67,0,0,0,0,0
68,0,0,0,0,0
69,0,0,0,0,0
70,0,0,0,0,0
71,0,0,0,0,1
72,1,1,1,1,1
73,0,0,0,0,0
74,0,0,0,0,0
75,0,0,0,0,0
76,0,0,0,0,0
77,0,0,0,0,1
78,0,1,0,0,1
79,1,1,0,1,1
80,0,0,0,0,1
81,1,1,1,1,1
82,1,1,1,1,1
83,1,0,0,1,1
84,0,1,1,0,0
85,0,0,0,1,0
86,0,0,0,0,0
87,0,0,0,0,0
88,0,0,0,0,0
89,1,1,1,1,1
90,1,1,1,1,1
91,0,0,0,1,0
92,0,0,0,0,0
93,0,0,0,1,1
94,1,1,1,1,0
95,1,1,1,1,0
96,0,0,0,0,1
97,0,0,0,0,0
98,0,1,1,0,0
99,0,0,0,0,0
100,1,0,0,1,1
101,1,1,1,1,0
102,0,0,0,0,0
103,1,1,1,1,1
104,1,1,1,1,1
105,1,1,1,1,1
106,1,1,0,0,1
107,1,1,0,1,0
108,1,1,0,0,0
109,1,1,0,0,0
110,1,1,1,1,0
111,0,0,0,0,0
112,1,1,0,0,0
113,1,1,0,1,1
114,0,0,0,0,0
115,0,0,0,0,0
116,0,0,0,0,0
117,0,0,0,0,0
118,0,0,0,0,0
119,0,0,0,0,0
120,0,0,0,0,0
121,0,0,0,0,0
122,1,1,1,0,1
123,1,1,1,1,1
124,1,1,0,0,1
125,1,1,1,1,1
126,1,1,1,1,1
127,1,1,1,0,1
128,1,1,1,1,1
129,1,1,1,0,0
130,1,1,1,0,1
131,1,1,1,1,1
132,0,0,0,0,0
133,0,0,0,0,0
134,1,1,0,1,1
135,1,0,0,0,1
136,0,0,0,0,0
137,1,1,1,1,1
138,1,1,1,0,1
139,0,0,0,0,0
140,0,0,0,0,0
141,1,1,0,0,1
142,1,1,1,0,1
143,1,1,1,1,1
144,1,1,0,1,1
145,1,1,1,0,1
146,1,1,1,1,1
147,0,0,0,0,0
148,0,0,0,0,0
149,0,0,1,0,0
150,0,0,0,0,0
151,1,1,1,0,1
152,0,0,0,0,0
153,0,0,0,0,0
154,0,0,0,0,0
155,0,0,0,0,0
156,1,1,1,1,1
157,1,1,1,1,0
158,1,1,1,1,1
159,1,1,1,1,1
160,1,1,1,1,1
161,0,0,0,0,1
162,0,1,1,1,1
163,1,1,0,1,0
164,0,0,0,0,0
165,0,0,0,0,0
166,0,0,0,0,0
167,0,0,0,0,0
168,0,0,0,0,0
169,1,1,1,1,1
170,1,1,1,1,1
171,1,1,1,1,1
172,1,1,1,1,1
173,1,1,1,1,1
174,1,1,1,1,1
175,0,1,0,0,0
176,0,0,0,0,0
177,0,1,1,0,1
178,0,1,1,1,1
179,1,1,1,1,0
180,1,1,1,1,1
181,1,1,1,1,1
182,1,1,1,1,1
183,1,1,1,1,1
184,1,1,0,0,1
185,0,1,0,0,0
186,1,1,0,1,0
187,1,1,1,1,1
188,1,1,0,1,1
189,1,1,1,0,1
190,1,1,1,1,1
191,1,1,1,1,1
192,1,1,1,1,1
193,0,0,0,1,0
194,0,0,0,0,0
195,0,0,1,0,1
196,0,1,1,1,1
197,0,0,0,0,0
198,0,0,0,0,0
199,0,0,0,0,0
200,0,0,0,0,0
201,1,1,1,0,1
202,0,0,1,0,0
203,1,1,1,0,0
204,0,0,0,0,0
205,1,1,1,1,1
206,0,0,0,0,0
207,1,1,1,1,1
208,0,0,1,0,0
209,1,1,0,1,1
210,1,1,0,1,1
211,1,1,0,1,0
212,0,1,0,0,0
213,0,1,0,1,0
214,0,0,0,0,0
215,0,0,0,0,0
216,0,0,0,0,0
217,0,0,1,0,0
218,0,0,0,0,0
219,0,0,0,0,0
220,0,0,0,0,0
221,0,0,0,0,0
222,0,0,0,0,0
223,1,1,1,1,1
224,1,1,0,1,1
225,1,1,1,1,1
226,0,0,0,0,0
227,0,0,0,0,0
228,0,0,0,0,0
229,0,0,0,0,0
230,1,1,1,1,1
231,1,1,1,1,0
232,1,1,1,1,0
233,0,0,0,1,0
234,0,0,0,0,0
235,0,0,0,0,0
236,1,1,0,0,0
237,1,1,1,1,1
238,0,0,0,0,0
239,0,0,1,0,0
240,0,0,0,0,0
241,0,0,0,0,0
242,1,1,1,1,1
243,1,1,1,1,1
244,1,1,1,1,1
245,1,1,1,1,1
246,1,1,1,1,1
247,1,1,1,1,1
248,0,0,0,0,0
249,0,0,0,0,0
250,1,1,1,0,0
251,1,1,1,1,1
252,1,1,1,1,1
253,1,1,1,1,1
254,1,1,1,1,1
255,0,0,0,0,0
256,0,0,0,0,0
257,0,0,0,0,0
258,0,0,0,0,0
259,1,1,1,1,1
260,1,0,1,1,0
261,0,0,0,0,1
262,0,0,0,0,0
263,1,1,1,1,1
264,1,0,1,1,0
265,1,1,1,1,1
266,1,0,0,1,1
267,1,1,1,1,1
268,1,1,1,1,1
269,1,1,1,1,1
270,1,1,0,1,1
271,1,1,0,1,0
272,1,1,0,1,0
273,0,1,0,1,1
274,0,0,0,1,0
275,0,0,0,0,0
276,0,0,0,0,0
277,0,0,0,0,1
278,0,0,0,0,1
279,0,0,0,0,0
280,0,0,0,0,0
281,0,0,0,1,1
282,0,0,0,0,0
283,0,1,0,0,0
284,0,0,0,0,0
285,0,0,0,0,0
286,0,1,0,1,1
287,0,0,0,1,0
288,0,0,0,0,0
289,0,0,0,0,0
290,0,1,1,0,1
291,0,1,0,0,0
292,0,1,1,0,0
293,0,0,0,0,0
294,0,1,0,1,1
295,1,1,1,1,1
296,1,1,1,1,0
297,1,1,0,1,1
298,1,1,1,1,1
299,1,1,1,1,1
300,0,0,1,0,0
301,1,1,0,1,1
302,1,1,1,0,0
303,1,1,1,1,1
304,0,0,1,0,0
305,0,0,0,0,0
306,0,0,0,0,0
307,0,1,0,0,1
308,0,0,0,0,1
309,0,0,1,0,0
310,1,1,0,1,1
311,0,0,0,0,0
312,0,1,0,0,0
313,0,0,0,0,1
314,1,1,1,1,1
315,0,0,1,0,0
316,1,1,1,1,1
317,0,0,0,0,0
318,1,1,1,1,1
319,1,1,1,1,1
320,1,1,1,1,1
321,1,1,1,1,1
322,0,1,1,0,1
323,0,0,0,0,0
324,0,0,1,0,1
325,1,0,1,0,0
326,0,0,1,0,0
