0,1,0,1,1,1
1,1,1,1,1,1
2,1,1,1,1,1
3,0,0,0,0,0
4,1,1,1,1,0
5,1,1,1,0,1
6,1,1,1,0,0
7,1,0,1,1,1
8,0,0,0,0,0
9,0,0,0,0,0
10,0,1,0,0,0
11,0,0,0,0,0
12,0,0,0,0,0
13,1,0,1,1,1
14,1,1,1,0,0
15,1,1,1,0,1
16,0,0,0,1,0
17,0,1,1,0,1
18,1,1,1,1,1
19,0,1,0,0,0
20,0,0,1,0,0
21,0,0,0,0,0
22,0,0,0,1,1
23,1,0,1,1,0
24,1,0,0,0,0
25,0,0,1,0,0
26,0,0,1,0,0
27,0,0,0,0,0
28,1,0,0,0,0
29,1,0,0,0,0
30,1,1,1,0,0
31,1,1,1,0,0
32,1,1,0,0,1
33,0,0,0,1,0
34,1,1,1,0,1
35,1,1,1,1,0
36,1,0,1,1,1
37,0,0,0,0,0
38,0,0,0,0,0
39,0,0,0,0,0
40,0,0,0,0,0
41,0,0,0,0,0
42,0,0,0,0,0
43,0,0,0,0,0
44,0,0,0,0,0
45,0,0,0,0,0
46,0,0,0,0,0
47,0,0,0,0,0
48,0,0,0,0,0
49,1,1,1,1,0
50,0,1,0,0,0
51,1,1,1,1,1
52,0,0,0,0,0
53,1,1,1,1,0
54,1,0,0,1,0
55,0,0,0,0,0
56,1,1,0,0,1
57,1,0,1,0,1
58,1,0,1,1,0
59,0,0,0,0,0
60,0,0,0,0,0
61,0,0,0,0,0
62,0,1,1,0,0
63,0,0,1,1,1
64,1,1,1,0,0
65,1,0,1,1,0
66,0,0,0,0,0
67,0,0,0,0,0
68,0,0,0,0,0
69,0,0,0,0,0
70,0,0,0,0,0
71,0,1,0,0,0
72,1,0,1,0,1
73,0,0,0,0,0
74,0,0,0,0,0
75,0,0,0,0,0
76,0,0,0,0,0
77,0,0,0,0,0
78,0,0,0,0,0
79,0,1,1,0,0
80,0,1,0,0,0
81,1,1,1,0,0
82,1,0,1,1,1
83,1,1,0,0,0
84,1,1,0,0,1
85,0,1,0,0,0
86,0,0,0,0,0
87,0,0,0,0,0
88,0,0,0,0,0
89,0,1,1,1,1
90,0,1,0,1,1
91,0,1,0,0,0
92,0,0,0,0,0
93,0,0,0,0,0
94,1,0,0,1,0
95,0,0,1,1,1
96,0,0,0,0,0
97,0,0,0,0,0
98,1,0,0,0,1
99,0,0,0,0,0
100,1,0,1,0,1
101,1,1,0,0,1
102,0,0,0,0,0
103,0,0,1,0,1
104,1,1,1,1,1
105,1,1,0,1,0
106,1,0,0,0,0
107,0,1,0,0,1
108,1,0,0,0,1
109,0,1,0,0,1
110,0,1,1,0,0
111,0,0,0,0,0
112,1,1,1,0,1
113,0,1,1,0,0
114,0,0,0,0,0
115,0,0,0,0,0
116,0,0,0,0,0
117,0,0,0,0,0
118,0,0,0,0,0
119,0,0,0,0,0
120,0,0,0,0,0
121,0,0,0,0,0
122,0,0,1,1,0
123,0,0,1,1,1
124,0,0,1,1,0
125,1,0,1,1,1
126,1,0,1,1,1
127,0,0,0,0,0
128,1,1,1,0,0
129,0,1,0,0,1
130,1,1,1,1,1
131,1,0,1,0,1
132,0,0,0,0,0
133,0,0,0,0,0
134,0,1,1,1,0
135,0,1,0,0,0
136,0,0,1,0,0
137,1,1,1,0,1
138,1,1,1,1,1
139,0,0,0,0,0
140,0,0,0,0,0
141,0,1,0,1,0
142,1,0,0,1,1
143,1,0,0,0,1
144,1,0,1,1,1
145,1,1,0,0,0
146,1,1,1,0,0
147,0,0,0,0,0
148,0,0,0,0,0
149,0,1,0,0,0
150,0,0,0,0,0
151,0,1,0,0,1
152,0,0,0,0,0
153,0,0,0,0,0
154,0,0,0,0,0
155,0,0,0,0,0
156,0,0,1,1,0
157,1,0,0,0,1
158,1,1,1,0,0
159,1,1,1,1,1
160,1,0,0,1,0
161,1,0,0,1,0
162,0,0,0,0,1
163,1,0,0,1,0
164,0,0,0,0,0
165,0,0,0,0,0
166,0,0,0,0,0
167,0,0,0,0,0
168,0,0,0,0,0
169,1,0,1,1,0
170,1,1,1,1,0
171,1,0,1,0,1
172,1,0,1,1,1
173,1,1,1,1,0
174,1,0,1,0,0
175,0,1,0,0,0
176,0,0,0,0,0
177,1,1,0,1,0
178,0,1,0,0,1
179,1,1,0,1,1
180,1,0,0,1,0
181,1,0,1,1,1
182,1,1,1,0,1
183,0,0,1,0,1
184,0,1,1,1,0
185,0,0,0,0,0
186,1,1,1,1,0
187,1,0,1,1,1
188,1,1,1,1,0
189,0,0,1,1,1
190,0,0,1,1,1
191,1,1,1,1,1
192,0,1,1,1,1
193,0,0,0,1,0
194,0,0,0,0,0
195,0,0,0,1,0
196,0,1,0,0,0
197,0,0,0,0,0
198,0,0,0,0,0
199,0,0,0,0,0
200,0,0,0,0,0
201,1,0,1,0,1
202,0,1,0,0,0
203,0,0,0,1,1
204,0,0,0,0,0
205,0,0,1,1,0
206,0,0,1,0,0
207,0,1,1,0,0
208,0,0,0,0,0
209,1,0,1,0,0
210,1,1,1,1,0
211,0,1,1,1,0
212,1,0,0,0,0
213,0,0,1,0,0
214,0,0,0,0,0
215,0,0,0,0,0
216,0,0,0,0,0
217,0,0,1,0,0
218,0,0,0,0,0
219,0,0,0,0,0
220,0,0,0,0,0
221,0,0,0,0,0
222,0,0,0,0,0
223,1,1,0,0,1
224,1,0,1,0,0
225,1,0,1,1,0
226,0,0,0,0,0
227,0,0,0,0,0
228,0,0,0,0,0
229,0,0,0,0,0
230,0,1,1,1,1
231,1,0,1,1,0
232,0,0,0,1,0
233,1,0,0,0,0
234,0,1,0,0,0
235,0,0,0,0,0
236,0,0,1,1,0
237,0,0,1,0,0
238,0,0,0,0,0
239,0,0,0,0,0
240,0,0,0,0,0
241,0,0,0,0,0
242,0,1,1,0,0
243,1,0,1,1,1
244,1,0,1,1,1
245,1,0,1,1,1
246,0,1,1,1,1
247,1,1,1,1,1
248,0,0,0,0,0
249,0,0,0,0,0
250,0,1,0,0,0
251,1,0,1,1,0
252,1,1,1,1,0
253,1,1,1,1,1
254,1,0,1,1,1
255,0,1,0,0,0
256,0,0,0,0,0
257,0,0,0,0,0
258,0,0,0,0,0
259,1,1,1,1,0
260,1,0,1,1,0
261,0,0,0,0,0
262,0,0,0,0,0
263,0,0,1,1,0
264,1,0,0,0,0
265,1,1,0,1,1
266,1,1,1,1,1
267,1,1,1,0,0
268,1,1,1,1,0
269,0,1,1,1,1
270,1,1,1,0,0
271,0,0,0,0,0
272,0,0,1,0,1
273,0,1,1,0,1
274,0,0,0,0,1
275,0,0,0,0,0
276,0,0,0,0,0
277,0,0,0,0,0
278,1,0,0,0,0
279,0,0,0,0,0
280,0,0,0,0,0
281,1,0,0,0,1
282,0,0,0,0,0
283,1,0,0,0,0
284,0,0,0,0,1
285,0,0,0,0,0
286,1,0,1,0,0
287,1,0,0,0,0
288,0,0,0,0,0
289,0,0,0,0,0
290,0,0,0,0,0
291,0,0,0,1,0
292,1,1,0,1,0
293,0,0,0,0,0
294,0,0,0,0,0
295,0,1,1,1,1
296,1,1,1,0,1
297,0,0,1,1,0
298,1,0,1,1,1
299,1,1,1,1,0
300,0,0,0,0,0
301,1,0,1,0,1
302,0,1,1,1,0
303,1,1,0,1,1
304,0,1,0,0,0
305,0,0,0,0,0
306,0,1,0,0,0
307,1,1,0,0,0
308,1,0,0,0,0
309,0,0,0,0,0
310,1,0,1,0,0
311,0,0,0,0,0
312,0,1,1,0,0
313,0,0,1,0,0
314,0,0,1,0,1
315,0,1,0,0,0
316,1,0,1,1,1
317,0,0,0,0,0
318,1,0,0,1,1
319,0,1,1,1,1
320,1,1,1,1,0
321,1,0,1,0,1
322,0,1,1,1,0
323,0,0,0,0,0
324,1,0,0,0,0
325,1,1,0,0,0
326,0,0,0,1,0
